7
32         0.0000000 0.0038204 0.0154637 0.0038211 0.0193809 0.0193809 0.0154637 
2          0.0038204 0.0000000 0.0194017 0.0076719 0.0233458 0.0233458 0.0194017 
517        0.0154637 0.0194017 0.0000000 0.0194046 0.0038064 0.0038064 0.0000010 
358        0.0038211 0.0076719 0.0194046 0.0000000 0.0233493 0.0233493 0.0194046 
4073       0.0193809 0.0233458 0.0038064 0.0233493 0.0000000 0.0076346 0.0038064 
1932       0.0193809 0.0233458 0.0038064 0.0233493 0.0076346 0.0000000 0.0038064 
70044      0.0154637 0.0194017 0.0000010 0.0194046 0.0038064 0.0038064 0.0000000 
