type,millis,t0_GPS_Epoch_Time(s),tN_GPS_Epoch_Time(s),ens_count,Sxx_re,Syy_re,Szz_re,Sxy_re,Szx_re,Szy_re,Sxx_im,Syy_im,Szz_im,Sxy_im,Szx_im,Szy_im
SPECA,1333346854,1653280429.60,1653280531.60,33,NaN,NaN,NaN,NaN,NaN,NaN,NaN,NaN,NaN,NaN,NaN,NaN,NaN,NaN,NaN,NaN,NaN,NaN,NaN,NaN,NaN,NaN,NaN,NaN,NaN,NaN,NaN,NaN,NaN,NaN,NaN,NaN,NaN,NaN,NaN,NaN,125.255790,198.015150,56.651871,-63.747837,9.559813,-23.587399,0.000000,0.000000,0.000000,-57.786892,-14.691026,-9.968515,298.513580,339.159670,132.408800,-113.778210,-13.480125,-54.868271,0.000000,0.000000,0.000000,-32.071011,4.552303,25.085562,799.061580,842.528380,720.551330,241.888310,115.031850,70.932747,0.000000,0.000000,0.000000,11.455007,496.572940,515.656860,4759.606000,9872.341800,10182.002000,5546.501000,462.803740,1925.719800,0.000000,0.000000,0.000000,-1001.943200,6535.262700,9098.527300,7682.488800,17744.371000,18579.715000,9579.025400,1082.213000,3149.556400,0.000000,0.000000,0.000000,-1207.788700,11301.604000,16487.943000,2966.511700,6981.171900,7805.093300,2942.370400,591.941590,1496.130100,0.000000,0.000000,0.000000,-455.262820,4133.823200,6289.020500,1427.694300,3647.196800,4213.559100,1214.278100,142.066800,389.315700,0.000000,0.000000,0.000000,-100.682330,1906.157100,3418.335900,676.169490,1301.049900,1362.761200,153.358320,72.284554,6.276622,0.000000,0.000000,0.000000,47.917809,644.564450,985.731260,423.509610,654.261350,937.407710,25.220562,115.549960,7.840381,0.000000,0.000000,0.000000,27.647961,410.755220,418.119170,278.981140,693.756350,856.010500,-187.592270,2.000823,145.645290,0.000000,0.000000,0.000000,-38.842632,182.422730,313.148830,242.307210,917.780880,1470.521100,-240.282060,7.830267,248.595400,0.000000,0.000000,0.000000,6.542836,-47.874939,722.090210,370.455900,996.726140,1678.343000,-304.293270,-83.678215,304.058620,0.000000,0.000000,0.000000,-28.405405,11.875065,800.303340,338.716980,694.235660,991.331540,-263.675870,-108.389350,264.185390,0.000000,0.000000,0.000000,-130.572130,150.663060,233.641240,278.766450,646.952880,784.735230,-266.626100,-13.409944,168.337520,0.000000,0.000000,0.000000,-52.419983,101.200130,168.043090,290.005710,763.893680,999.183290,-287.429080,37.709717,46.131889,0.000000,0.000000,0.000000,25.783062,-12.674425,483.976070,281.041560,421.807860,820.792480,-186.408860,52.625107,80.365112,0.000000,0.000000,0.000000,20.869156,143.699740,199.035860,256.500670,436.448490,648.183780,-204.534550,55.360374,117.860860,0.000000,0.000000,0.000000,-50.758129,144.625410,63.326775,202.009840,529.605530,660.031680,-162.385990,84.272835,114.503760,0.000000,0.000000,0.000000,-56.256420,52.117271,174.927540,205.642680,485.458130,742.726930,-149.745350,29.466322,166.409810,0.000000,0.000000,0.000000,11.891747,9.145653,211.260120,229.462430,431.988560,596.666990,-151.569820,39.765427,110.951710,0.000000,0.000000,0.000000,26.406151,52.120701,186.473250,222.813610,291.615200,638.016170,-128.184280,53.175308,78.807480,0.000000,0.000000,0.000000,-26.528124,100.422120,96.057060,200.746570,233.251250,432.152470,-99.493317,72.318436,53.992699,0.000000,0.000000,0.000000,35.250904,59.057247,105.176510,122.018200,243.375730,342.451840,-89.043259,26.158867,58.809250,0.000000,0.000000,0.000000,16.238195,2.360111,128.381740,97.991791,252.604520,516.918820,-94.674370,-27.540665,107.912250,0.000000,0.000000,0.000000,-17.363714,-25.580576,199.095200,133.412720,212.922000,560.875120,-97.034637,-68.981087,116.375310,0.000000,0.000000,0.000000,-14.436667,59.453777,96.668816,133.555710,216.059040,486.490420,-96.688629,-43.821358,105.646450,0.000000,0.000000,0.000000,-6.754912,19.042295,57.925423,157.994860,224.128980,484.836000,-104.482320,32.237740,38.823231,0.000000,0.000000,0.000000,-1.235769,-68.101608,134.071880,133.593050,227.205950,349.265230,-103.793040,3.118235,54.916508,0.000000,0.000000,0.000000,-7.267111,-42.015686,96.116852,127.816820,217.883730,315.176910,-108.473280,11.104081,49.150703,0.000000,0.000000,0.000000,3.923332,-24.887365,85.733765,94.624039,233.920100,255.632250,-109.555590,13.044452,16.445501,0.000000,0.000000,0.000000,14.581031,-34.224140,96.947823,64.565071,194.221450,244.929030,-78.084084,-1.442405,24.996759,0.000000,0.000000,0.000000,16.377254,6.282199,69.499100,74.375786,156.462660,231.144880,-65.497406,-7.978538,36.959610,0.000000,0.000000,0.000000,5.503160,6.904733,92.647369,69.049080,152.127180,228.874920,-67.953453,5.557027,5.506044,0.000000,0.000000,0.000000,1.950686,-8.907454,87.559944,62.288475,137.028530,208.638460,-57.719452,3.480921,3.234012,0.000000,0.000000,0.000000,-0.877725,-5.143972,64.895752,61.832905,124.010240,176.338180,-53.271599,-3.292882,24.361477,0.000000,0.000000,0.000000,5.023980,-7.305097,42.534431,54.337177,106.838040,143.439730,-37.286156,14.318885,-3.268019,0.000000,0.000000,0.000000,12.552680,5.943832,40.928844,29.759972,68.329796,167.953170,-13.209242,-1.129440,18.921947,0.000000,0.000000,0.000000,1.837577,14.336077,38.148144,40.917179,64.843132,128.315030,-28.336933,4.576348,15.985966,0.000000,0.000000,0.000000,-4.538785,10.738472,28.272676,45.741573,76.422684,155.025760,-35.266640,4.988357,13.861858,0.000000,0.000000,0.000000,6.036367,-11.780357,57.857338,37.810238,67.223724,160.838130,-29.711313,-10.312339,35.404968,0.000000,0.000000,0.000000,4.931332,-9.187382,51.087498,35.290497,45.239632,138.297940,-22.603788,-5.338430,21.555819,0.000000,0.000000,0.000000,2.176236,-8.848127,37.045601,23.302385,39.555801,138.979740,-14.389129,8.496201,9.123031,0.000000,0.000000,0.000000,1.994807,4.620803,27.719755,14.199084,41.899517,119.900280,-4.524388,1.184593,10.072747,0.000000,0.000000,0.000000,-0.318559,8.877931,33.780800,17.971643,51.501701,102.381610,-11.060935,-5.590045,19.185085,0.000000,0.000000,0.000000,0.936274,2.380598,36.081467,19.969130,39.519451,107.803600,-11.491769,1.930274,13.448503,0.000000,0.000000,0.000000,-0.274703,8.388875,20.401070,25.722578,35.277199,106.896790,-13.137542,-0.927336,10.748165,0.000000,0.000000,0.000000,-0.180351,8.567511,21.194084,25.375927,40.555424,92.248810,-18.057238,2.632474,7.722015,0.000000,0.000000,0.000000,0.537534,-8.765038,31.408747,16.887478,31.998138,83.707809,-13.247771,5.272108,0.931447,0.000000,0.000000,0.000000,-0.009628,-4.577533,19.263800,21.035326,32.740349,61.642227,-16.196892,-7.052125,9.993599,0.000000,0.000000,0.000000,-2.850121,-1.535015,13.728420,24.810301,28.980610,63.173073,-17.162712,-10.029713,14.858076,0.000000,0.000000,0.000000,-5.388294,-2.941997,9.356934,18.624779,29.985195,56.654800,-11.824301,2.232007,9.287182,0.000000,0.000000,0.000000,2.015370,-1.879740,8.605562,10.673414,29.763737,56.534695,-4.788581,6.114507,6.277849,0.000000,0.000000,0.000000,4.934519,3.512626,7.652275,12.290629,26.704287,65.970955,-5.417158,2.117633,1.712024,0.000000,0.000000,0.000000,2.899065,4.388368,12.043607,12.456942,21.905401,74.710083,-7.639352,4.962473,3.274301,0.000000,0.000000,0.000000,0.326656,4.604040,6.984572,15.070271,22.956581,51.751781,-10.971006,0.700790,8.983669,0.000000,0.000000,0.000000,-0.048712,7.200829,-0.403869,14.420086,19.581400,33.997688,-7.751698,2.284693,3.393002,0.000000,0.000000,0.000000,1.016727,5.529257,-1.270391,14.579823,16.601616,51.385670,-5.383998,-0.032465,6.806041,0.000000,0.000000,0.000000,-0.081709,3.303024,2.753330,12.184912,17.294538,63.281898,-3.731485,-1.634578,12.295161,0.000000,0.000000,0.000000,-2.560200,3.182487,10.042612,12.519620,23.974262,42.723530,-8.988516,1.573315,8.001509,0.000000,0.000000,0.000000,-2.641007,-0.431026,12.031963,8.309894,18.506119,32.983204,-4.270103,2.691931,6.126206,0.000000,0.000000,0.000000,-1.553222,0.615349,4.321589,8.463237,12.062825,34.449215,-3.539907,3.560842,4.108761,0.000000,0.000000,0.000000,-1.289881,2.989068,1.172313,11.719419,14.744490,42.655853,-6.531203,0.329517,7.979916,0.000000,0.000000,0.000000,-0.508299,1.100130,2.406645,10.714026,23.874157,35.621426,-8.315003,-1.396695,11.987085,0.000000,0.000000,0.000000,-2.951852,-1.000031,6.206555,7.235600,22.677338,38.651604,-4.751739,-1.566988,12.810884,0.000000,0.000000,0.000000,-2.259800,4.276592,7.875016,10.406977,18.237791,36.576317,-7.011005,-2.185830,10.778391,0.000000,0.000000,0.000000,-1.348822,4.027892,7.324673,14.822473,16.353651,21.893875,-10.398919,0.713778,6.201291,0.000000,0.000000,0.000000,-1.755910,3.819430,-0.179193,14.522225,20.858543,21.906145,-8.035192,3.094877,5.594819,0.000000,0.000000,0.000000,0.945715,0.899744,6.120992,13.461687,22.825258,23.215563,-7.367455,1.102251,8.262894,0.000000,0.000000,0.000000,0.352663,1.360984,5.104018,13.101982,24.817945,20.784971,-10.086167,-1.540358,7.450867,0.000000,0.000000,0.000000,-0.892648,-1.174717,6.236890,11.401041,14.192731,17.025906,-5.127558,-1.355846,1.948258,0.000000,0.000000,0.000000,-1.725577,-0.031267,5.059576,11.348145,14.184794,23.643671,-3.301616,3.257928,5.529214,0.000000,0.000000,0.000000,-2.432893,2.151924,3.759325,11.895482,12.226923,25.291489,-3.147715,5.756848,3.561836,0.000000,0.000000,0.000000,-1.667624,1.668004,3.240162,11.387490,11.816650,24.176750,-3.489768,2.859317,4.903499,0.000000,0.000000,0.000000,-0.658728,2.310940,0.708226,12.734180,10.953386,23.024092,-2.307322,1.808381,2.099421,0.000000,0.000000,0.000000,1.508577,0.088595,0.712162,12.005363,9.287307,18.729692,-3.921719,0.505783,-0.610779,0.000000,0.000000,0.000000,1.261539,1.195388,0.944939,11.167706,12.771621,14.291745,-5.660500,0.328741,-0.660140,0.000000,0.000000,0.000000,1.031723,3.121414,0.017356,9.578702,12.747096,15.460157,-5.856979,-1.203456,0.363728,0.000000,0.000000,0.000000,0.300917,2.591850,1.803605,8.149343,11.754541,15.387969,-2.099430,-1.078948,0.640104,0.000000,0.000000,0.000000,1.032807,1.911894,4.538373,7.849773,10.787449,14.177435,-2.225448,-0.767417,2.359015,0.000000,0.000000,0.000000,0.436895,1.992762,3.327117,NaN,NaN,NaN,NaN,NaN,NaN,NaN,NaN,NaN,NaN,NaN,NaN,NaN,NaN,NaN,NaN,NaN,NaN,NaN,NaN,NaN,NaN,NaN,NaN,NaN,NaN,NaN,NaN,NaN,NaN,NaN,NaN,NaN,NaN,NaN,NaN,NaN,NaN,NaN,NaN,NaN,NaN,NaN,NaN,NaN,NaN,NaN,NaN,NaN,NaN,NaN,NaN,NaN,NaN,NaN,NaN,NaN,NaN,NaN,NaN,NaN,NaN,NaN,NaN,NaN,NaN,NaN,NaN,NaN,NaN,NaN,NaN,NaN,NaN,NaN,NaN,NaN,NaN,NaN,NaN,NaN,NaN,NaN,NaN,NaN,NaN,NaN,NaN,NaN,NaN,NaN,NaN,NaN,NaN,NaN,NaN,NaN,NaN,NaN,NaN,NaN,NaN,NaN,NaN,NaN,NaN,NaN,NaN,NaN,NaN,NaN,NaN,NaN,NaN,NaN,NaN,NaN,NaN,NaN,NaN,NaN,NaN,NaN,NaN,NaN,NaN,NaN,NaN,NaN,NaN,NaN,NaN,NaN,NaN,NaN,NaN,NaN,NaN,NaN,NaN,NaN,NaN,NaN,NaN,NaN,NaN,NaN,NaN,NaN,NaN,NaN,NaN,NaN,NaN,NaN,NaN,NaN,NaN,NaN,NaN,NaN,NaN,NaN,NaN,NaN,NaN,NaN,NaN,NaN,NaN,NaN,NaN,NaN,NaN,NaN,NaN,NaN,NaN,NaN,NaN,NaN,NaN,NaN,NaN,NaN,NaN,NaN,NaN,NaN,NaN,NaN,NaN,NaN,NaN,NaN,NaN,NaN,NaN,NaN,NaN,NaN,NaN,NaN,NaN,NaN,NaN,NaN,NaN,NaN,NaN,NaN,NaN,NaN,NaN,NaN,NaN,NaN,NaN,NaN,NaN,NaN,NaN,NaN,NaN,NaN,NaN,NaN,NaN,NaN,NaN,NaN,NaN,NaN,NaN,NaN,NaN,NaN,NaN,NaN,NaN,NaN,NaN,NaN,NaN,NaN,NaN,NaN,NaN,NaN,NaN,NaN,NaN,NaN,NaN,NaN,NaN,NaN,NaN,NaN,NaN,NaN,NaN,NaN,NaN,NaN,NaN,NaN,NaN,NaN,NaN,NaN,NaN,NaN,NaN,NaN,NaN,NaN,NaN,NaN,NaN,NaN,NaN,NaN,NaN,NaN,NaN,NaN,NaN,NaN,NaN,NaN,NaN,NaN,NaN,NaN,NaN,NaN,NaN,NaN,NaN,NaN,NaN,NaN,NaN,NaN,NaN,NaN,NaN,NaN,NaN,NaN,NaN,NaN,NaN,NaN,NaN,NaN,NaN,NaN,NaN,NaN,NaN,NaN,NaN,NaN,NaN,NaN,NaN,NaN,NaN,NaN,NaN,NaN,NaN,NaN,NaN,NaN,NaN,NaN,NaN,NaN,NaN,NaN,NaN,NaN,NaN,NaN,NaN,NaN,NaN,NaN,NaN,NaN,NaN,NaN,NaN,NaN,NaN,NaN,NaN,NaN,NaN,NaN,NaN,NaN,NaN,NaN,NaN,NaN,NaN,NaN,NaN,NaN,NaN,NaN,NaN,NaN,NaN,NaN,NaN,NaN,NaN,NaN,NaN,NaN,NaN,NaN,NaN,NaN,NaN,NaN,NaN,NaN,NaN,NaN,NaN,NaN,NaN,NaN,NaN,NaN,NaN,NaN,NaN,NaN,NaN,NaN,NaN,NaN,NaN,NaN,NaN,NaN,NaN,NaN,NaN,NaN,NaN,NaN,NaN,NaN,NaN,NaN,NaN,NaN,NaN,NaN,NaN,NaN,NaN,NaN,NaN,NaN,NaN,NaN,NaN,NaN,NaN,NaN,NaN,NaN,NaN,NaN,NaN,NaN,NaN,NaN,NaN,NaN,NaN,NaN,NaN,NaN,NaN,NaN,NaN,NaN,NaN,NaN,NaN,NaN,NaN,NaN,NaN,NaN,NaN,NaN,NaN,NaN,NaN,NaN,NaN,NaN,NaN,NaN,NaN,NaN,NaN,NaN,NaN,NaN,NaN,NaN,NaN,NaN,NaN,NaN,NaN,NaN,NaN,NaN,NaN,NaN,NaN,NaN,NaN,NaN,NaN,NaN,NaN,NaN,NaN,NaN,NaN,NaN,NaN,NaN,NaN,NaN,NaN,NaN,NaN,NaN,NaN,NaN,NaN,NaN,NaN,NaN,NaN,NaN,NaN,NaN,NaN,NaN,NaN,NaN,NaN,NaN,NaN,NaN,NaN,NaN,NaN,NaN,NaN,NaN,NaN,NaN,NaN,NaN,NaN,NaN,NaN,NaN,NaN,NaN,NaN,NaN,NaN,NaN,NaN,
SPECA,1335144835,1653282229.60,1653282331.60,33,NaN,NaN,NaN,NaN,NaN,NaN,NaN,NaN,NaN,NaN,NaN,NaN,NaN,NaN,NaN,NaN,NaN,NaN,NaN,NaN,NaN,NaN,NaN,NaN,NaN,NaN,NaN,NaN,NaN,NaN,NaN,NaN,NaN,NaN,NaN,NaN,160.740650,236.430080,28.865292,-13.346989,-0.973761,4.858980,0.000000,0.000000,0.000000,-38.863888,-1.919727,-13.062746,237.534940,361.746770,54.775429,-41.228737,3.359007,8.502701,0.000000,0.000000,0.000000,9.543318,30.533302,-18.120934,730.348270,983.260800,811.845950,265.439390,86.082794,174.677670,0.000000,0.000000,0.000000,-43.180664,559.810420,534.199400,4423.316400,7881.852500,8383.902300,3744.533900,279.902620,2524.256800,0.000000,0.000000,0.000000,-1704.110700,5573.589400,6583.526400,6259.522900,14031.845000,13507.625000,6468.930700,1119.992300,2961.843000,0.000000,0.000000,0.000000,-1269.636100,8341.344700,11998.241000,2149.895800,7600.442900,6477.889600,2700.443100,508.394740,1158.263100,0.000000,0.000000,0.000000,-332.422790,3180.051800,6152.788600,835.960570,2359.507600,2442.200900,408.431580,19.631086,330.249510,0.000000,0.000000,0.000000,-231.114290,1062.387200,1738.949300,521.322390,883.676700,1250.590100,225.095140,-16.872353,188.972020,0.000000,0.000000,0.000000,-98.610992,575.387700,790.773190,294.985720,611.257320,777.815370,31.483622,-86.022964,124.414860,0.000000,0.000000,0.000000,-104.384610,256.217900,473.697510,238.475300,808.729800,852.280880,-179.636340,-135.700520,247.546520,0.000000,0.000000,0.000000,-125.690830,87.225800,465.036960,301.595090,874.585390,1031.310200,-314.970280,-27.379030,257.492550,0.000000,0.000000,0.000000,-26.215923,-26.421688,451.956300,419.458800,694.872860,1072.470100,-370.316310,60.732002,91.536186,0.000000,0.000000,0.000000,41.477863,31.875227,357.363400,380.387420,625.401060,884.865360,-302.322270,103.006870,-37.377258,0.000000,0.000000,0.000000,31.525478,103.128680,218.052670,328.229640,688.408450,777.651000,-245.652280,133.541370,-95.257431,0.000000,0.000000,0.000000,10.387021,76.376366,272.382930,255.470310,616.486940,900.729920,-177.812640,64.966103,116.135900,0.000000,0.000000,0.000000,-60.941635,31.585777,441.744960,178.052280,487.786130,964.226620,-117.756140,-47.211693,252.487660,0.000000,0.000000,0.000000,-63.587994,119.363150,363.392000,229.481780,519.818910,683.845890,-192.994370,-97.461266,221.375000,0.000000,0.000000,0.000000,-60.531395,155.359180,164.150380,317.289460,573.297180,783.643550,-255.350050,-55.745735,126.509810,0.000000,0.000000,0.000000,-60.367165,157.500890,183.221250,226.584210,489.844760,878.005800,-177.185330,37.729500,86.562370,0.000000,0.000000,0.000000,6.752670,54.309696,320.120640,187.058240,380.648930,690.890380,-150.055620,31.538181,91.531471,0.000000,0.000000,0.000000,17.772924,21.820667,218.255290,142.241680,344.947480,622.197510,-107.219810,27.840193,40.334431,0.000000,0.000000,0.000000,-24.546988,22.423998,229.675050,94.912163,304.253810,576.403320,-68.092384,40.216534,46.024902,0.000000,0.000000,0.000000,-14.643771,18.661991,161.567980,111.808010,250.803160,437.346680,-74.773048,33.686954,59.471287,0.000000,0.000000,0.000000,31.159399,-20.191368,124.528120,126.613430,339.361480,590.422670,-87.964691,20.284586,131.416890,0.000000,0.000000,0.000000,31.649075,15.700953,159.633210,97.346519,275.688200,555.351140,-85.599182,8.587151,58.643333,0.000000,0.000000,0.000000,-16.264666,19.337393,122.653040,123.010190,241.729030,484.836700,-102.350770,-7.059623,40.260258,0.000000,0.000000,0.000000,-19.140194,9.725847,130.999330,188.152690,280.157410,538.981380,-143.032670,59.769306,28.194599,0.000000,0.000000,0.000000,8.464133,-21.986713,198.008350,155.785020,258.415890,507.837950,-109.489750,46.860916,-13.185608,0.000000,0.000000,0.000000,3.892223,-0.007803,188.142780,147.721820,301.374910,389.936040,-137.783040,-60.604912,69.611580,0.000000,0.000000,0.000000,-37.586990,8.993768,137.874450,147.416820,300.261020,405.827550,-153.273470,-84.912209,125.397540,0.000000,0.000000,0.000000,-53.590549,-31.846165,168.739530,84.975540,186.430130,370.604860,-80.971840,0.104053,41.368553,0.000000,0.000000,0.000000,9.724467,-41.086582,156.113080,71.482246,206.334840,396.752660,-74.972488,36.367634,34.547691,0.000000,0.000000,0.000000,14.438879,9.599100,128.934390,62.200733,154.399090,332.502380,-59.274029,15.001369,25.735060,0.000000,0.000000,0.000000,-4.474223,40.781002,64.211655,60.302887,137.062990,191.414540,-60.146229,32.138485,-14.969063,0.000000,0.000000,0.000000,8.906548,25.180252,26.768791,50.190819,98.196045,133.151490,-34.492580,19.591667,7.056330,0.000000,0.000000,0.000000,5.968948,3.587330,41.702099,46.363525,109.124540,129.729520,-26.889463,12.403839,20.436790,0.000000,0.000000,0.000000,6.325989,-4.977123,63.898430,46.996063,93.913383,114.940530,-24.386356,10.229312,13.615891,0.000000,0.000000,0.000000,-1.004919,8.840689,34.352695,34.646626,78.860382,127.236250,-28.867159,-13.740205,40.441803,0.000000,0.000000,0.000000,-0.945713,6.465120,17.756016,44.717754,73.887123,160.191740,-26.908201,0.037832,40.245049,0.000000,0.000000,0.000000,-3.646050,30.362019,12.171223,35.829342,57.832294,167.798680,-19.714895,7.739478,36.323025,0.000000,0.000000,0.000000,1.795529,10.389078,29.824078,34.063461,53.427795,134.258120,-19.241447,-0.736110,25.634529,0.000000,0.000000,0.000000,2.956616,-1.016828,30.711582,26.607164,47.395912,145.991330,-11.762980,1.018113,15.125629,0.000000,0.000000,0.000000,-1.889331,6.889804,36.467293,24.760351,46.569202,156.548100,-14.860452,6.447506,7.917752,0.000000,0.000000,0.000000,1.610172,6.092622,39.275902,24.608942,43.794254,135.421740,-20.488235,13.342943,7.896811,0.000000,0.000000,0.000000,3.995213,3.338584,18.246853,22.323524,38.586311,112.777060,-18.391464,5.255012,8.206926,0.000000,0.000000,0.000000,2.920435,3.204387,14.985264,20.683044,42.352173,97.331772,-16.568300,-6.830980,22.318262,0.000000,0.000000,0.000000,2.246135,2.885750,19.859074,14.786963,33.315395,106.539030,-7.561460,6.696339,16.806112,0.000000,0.000000,0.000000,3.251794,6.503469,19.076260,14.426416,23.786789,74.840820,-8.475398,0.126345,12.073789,0.000000,0.000000,0.000000,-0.168455,4.407818,6.004455,21.768557,23.345194,55.151505,-10.018981,2.793825,12.732002,0.000000,0.000000,0.000000,-1.587745,6.284753,4.064924,15.889758,27.050907,68.758751,-7.532983,0.028742,18.181185,0.000000,0.000000,0.000000,-6.408840,8.841025,2.797562,11.875219,28.348057,68.791611,-6.142866,-4.662310,16.067732,0.000000,0.000000,0.000000,-2.225925,5.521815,15.037273,13.912289,23.184685,69.898521,-4.816794,1.422832,10.355807,0.000000,0.000000,0.000000,-0.261422,5.160148,11.525266,17.020735,19.667337,67.072464,-4.996133,3.557656,0.483836,0.000000,0.000000,0.000000,-2.838313,6.738537,13.529659,19.067009,28.245161,46.186455,-11.897188,2.030502,-1.339787,0.000000,0.000000,0.000000,-5.132630,5.771432,8.678741,17.222687,26.333797,55.627159,-7.722825,1.995549,13.911258,0.000000,0.000000,0.000000,-5.442544,3.304985,12.860651,13.100425,22.547857,50.807556,-6.399755,1.930736,8.465257,0.000000,0.000000,0.000000,-4.206527,4.595766,4.329270,7.070663,21.190277,47.161274,-4.144320,-1.631081,8.868366,0.000000,0.000000,0.000000,-1.592928,2.288344,6.285532,13.136690,25.614237,59.649620,-7.210279,0.770139,6.764361,0.000000,0.000000,0.000000,-4.170608,-0.160827,15.857641,14.962714,20.767145,58.026501,-5.944817,1.710831,8.642728,0.000000,0.000000,0.000000,-3.548039,5.058249,9.266623,10.316973,17.358118,46.562218,-5.853310,4.272140,0.838864,0.000000,0.000000,0.000000,-1.762060,4.230234,2.854809,9.628117,18.281689,27.673714,-5.632327,3.304672,2.328336,0.000000,0.000000,0.000000,0.184817,-0.182713,6.012005,12.121988,19.959492,27.937346,-5.120611,2.450127,3.447949,0.000000,0.000000,0.000000,-2.544647,2.132249,2.474034,13.855613,16.686901,38.225273,-3.671425,7.730107,6.293136,0.000000,0.000000,0.000000,-4.912366,3.937003,0.216364,15.110011,10.004674,42.046062,-2.638750,3.803727,7.373720,0.000000,0.000000,0.000000,-2.108062,6.632944,4.171701,15.121921,13.548385,35.902802,-4.401668,3.126762,9.459815,0.000000,0.000000,0.000000,-0.816234,4.425283,6.064275,20.705641,19.702309,35.076481,-8.102736,7.095951,7.568359,0.000000,0.000000,0.000000,-1.789582,3.098865,3.253282,13.022708,22.488077,31.890886,-3.737003,1.815349,7.577518,0.000000,0.000000,0.000000,-1.734516,-0.552421,5.871173,14.842868,23.391375,27.671982,-8.846572,-1.844593,9.669950,0.000000,0.000000,0.000000,-0.931532,-3.759302,8.032955,17.454693,24.557379,28.183886,-9.192021,-1.154275,11.953059,0.000000,0.000000,0.000000,0.193858,-2.753368,4.322752,18.492147,21.770622,29.247417,-5.322760,2.702441,11.811691,0.000000,0.000000,0.000000,1.340299,0.527187,3.831787,14.687361,16.577082,30.785780,-5.426444,0.684209,8.571643,0.000000,0.000000,0.000000,-0.331102,-1.968750,5.288457,14.040696,15.435999,23.264835,-5.617170,1.922009,2.944015,0.000000,0.000000,0.000000,-0.841134,0.251245,2.648810,15.753270,20.118561,24.095757,-6.319889,1.219454,4.577407,0.000000,0.000000,0.000000,2.502479,-2.621503,4.080898,12.797569,21.899691,27.337032,-4.099293,3.300517,4.654303,0.000000,0.000000,0.000000,0.059324,-0.697564,4.142505,9.750393,21.263685,20.566338,-4.990873,2.182595,4.301200,0.000000,0.000000,0.000000,-1.163952,0.508021,2.184260,12.128223,16.854813,16.261490,-5.929882,0.749971,3.404980,0.000000,0.000000,0.000000,-2.764441,0.001072,6.104363,12.722911,15.946051,17.856850,-6.554759,-1.212916,2.196183,0.000000,0.000000,0.000000,-3.560541,-3.340171,5.467373,8.612607,15.193343,17.065880,-3.714629,0.461102,4.330359,0.000000,0.000000,0.000000,-1.835043,-0.702756,2.625672,9.432500,14.431484,16.446154,-6.141455,-0.524790,4.891423,0.000000,0.000000,0.000000,-2.134984,2.009386,3.702999,NaN,NaN,NaN,NaN,NaN,NaN,NaN,NaN,NaN,NaN,NaN,NaN,NaN,NaN,NaN,NaN,NaN,NaN,NaN,NaN,NaN,NaN,NaN,NaN,NaN,NaN,NaN,NaN,NaN,NaN,NaN,NaN,NaN,NaN,NaN,NaN,NaN,NaN,NaN,NaN,NaN,NaN,NaN,NaN,NaN,NaN,NaN,NaN,NaN,NaN,NaN,NaN,NaN,NaN,NaN,NaN,NaN,NaN,NaN,NaN,NaN,NaN,NaN,NaN,NaN,NaN,NaN,NaN,NaN,NaN,NaN,NaN,NaN,NaN,NaN,NaN,NaN,NaN,NaN,NaN,NaN,NaN,NaN,NaN,NaN,NaN,NaN,NaN,NaN,NaN,NaN,NaN,NaN,NaN,NaN,NaN,NaN,NaN,NaN,NaN,NaN,NaN,NaN,NaN,NaN,NaN,NaN,NaN,NaN,NaN,NaN,NaN,NaN,NaN,NaN,NaN,NaN,NaN,NaN,NaN,NaN,NaN,NaN,NaN,NaN,NaN,NaN,NaN,NaN,NaN,NaN,NaN,NaN,NaN,NaN,NaN,NaN,NaN,NaN,NaN,NaN,NaN,NaN,NaN,NaN,NaN,NaN,NaN,NaN,NaN,NaN,NaN,NaN,NaN,NaN,NaN,NaN,NaN,NaN,NaN,NaN,NaN,NaN,NaN,NaN,NaN,NaN,NaN,NaN,NaN,NaN,NaN,NaN,NaN,NaN,NaN,NaN,NaN,NaN,NaN,NaN,NaN,NaN,NaN,NaN,NaN,NaN,NaN,NaN,NaN,NaN,NaN,NaN,NaN,NaN,NaN,NaN,NaN,NaN,NaN,NaN,NaN,NaN,NaN,NaN,NaN,NaN,NaN,NaN,NaN,NaN,NaN,NaN,NaN,NaN,NaN,NaN,NaN,NaN,NaN,NaN,NaN,NaN,NaN,NaN,NaN,NaN,NaN,NaN,NaN,NaN,NaN,NaN,NaN,NaN,NaN,NaN,NaN,NaN,NaN,NaN,NaN,NaN,NaN,NaN,NaN,NaN,NaN,NaN,NaN,NaN,NaN,NaN,NaN,NaN,NaN,NaN,NaN,NaN,NaN,NaN,NaN,NaN,NaN,NaN,NaN,NaN,NaN,NaN,NaN,NaN,NaN,NaN,NaN,NaN,NaN,NaN,NaN,NaN,NaN,NaN,NaN,NaN,NaN,NaN,NaN,NaN,NaN,NaN,NaN,NaN,NaN,NaN,NaN,NaN,NaN,NaN,NaN,NaN,NaN,NaN,NaN,NaN,NaN,NaN,NaN,NaN,NaN,NaN,NaN,NaN,NaN,NaN,NaN,NaN,NaN,NaN,NaN,NaN,NaN,NaN,NaN,NaN,NaN,NaN,NaN,NaN,NaN,NaN,NaN,NaN,NaN,NaN,NaN,NaN,NaN,NaN,NaN,NaN,NaN,NaN,NaN,NaN,NaN,NaN,NaN,NaN,NaN,NaN,NaN,NaN,NaN,NaN,NaN,NaN,NaN,NaN,NaN,NaN,NaN,NaN,NaN,NaN,NaN,NaN,NaN,NaN,NaN,NaN,NaN,NaN,NaN,NaN,NaN,NaN,NaN,NaN,NaN,NaN,NaN,NaN,NaN,NaN,NaN,NaN,NaN,NaN,NaN,NaN,NaN,NaN,NaN,NaN,NaN,NaN,NaN,NaN,NaN,NaN,NaN,NaN,NaN,NaN,NaN,NaN,NaN,NaN,NaN,NaN,NaN,NaN,NaN,NaN,NaN,NaN,NaN,NaN,NaN,NaN,NaN,NaN,NaN,NaN,NaN,NaN,NaN,NaN,NaN,NaN,NaN,NaN,NaN,NaN,NaN,NaN,NaN,NaN,NaN,NaN,NaN,NaN,NaN,NaN,NaN,NaN,NaN,NaN,NaN,NaN,NaN,NaN,NaN,NaN,NaN,NaN,NaN,NaN,NaN,NaN,NaN,NaN,NaN,NaN,NaN,NaN,NaN,NaN,NaN,NaN,NaN,NaN,NaN,NaN,NaN,NaN,NaN,NaN,NaN,NaN,NaN,NaN,NaN,NaN,NaN,NaN,NaN,NaN,NaN,NaN,NaN,NaN,NaN,NaN,NaN,NaN,NaN,NaN,NaN,NaN,NaN,NaN,NaN,NaN,NaN,NaN,NaN,NaN,NaN,NaN,NaN,NaN,NaN,NaN,NaN,NaN,NaN,NaN,NaN,NaN,NaN,NaN,NaN,NaN,NaN,NaN,NaN,NaN,NaN,NaN,NaN,NaN,NaN,NaN,NaN,NaN,NaN,NaN,NaN,NaN,NaN,NaN,NaN,NaN,NaN,NaN,NaN,NaN,NaN,NaN,NaN,NaN,NaN,
SPECA,1336942983,1653284029.60,1653284131.60,33,NaN,NaN,NaN,NaN,NaN,NaN,NaN,NaN,NaN,NaN,NaN,NaN,NaN,NaN,NaN,NaN,NaN,NaN,NaN,NaN,NaN,NaN,NaN,NaN,NaN,NaN,NaN,NaN,NaN,NaN,NaN,NaN,NaN,NaN,NaN,NaN,113.296560,166.180770,39.646416,-23.703039,-17.735176,21.045935,0.000000,0.000000,0.000000,6.138460,-1.827795,-15.331810,194.757340,301.423070,64.029442,-76.380913,-24.356293,30.042259,0.000000,0.000000,0.000000,22.045202,14.840019,-38.523872,669.615110,850.932430,740.404660,143.904710,35.482124,2.477455,0.000000,0.000000,0.000000,115.578610,469.131500,495.951540,4552.736300,6599.294400,9306.154300,4350.163100,781.348880,492.188080,0.000000,0.000000,0.000000,306.401790,6042.345200,7188.825200,6450.437000,12375.905000,14998.718000,7162.237800,1497.394000,1102.544400,0.000000,0.000000,0.000000,599.240300,9052.070300,12617.907000,3158.152600,6110.922900,6894.916500,2898.902300,1127.572500,857.228700,0.000000,0.000000,0.000000,470.045530,3921.742900,5645.558100,1442.222200,3007.075400,2880.379400,1120.594200,550.085450,324.481380,0.000000,0.000000,0.000000,190.843570,1523.000400,2492.950700,605.332460,1383.549900,1357.927500,339.210780,207.229250,30.837688,0.000000,0.000000,0.000000,110.689760,676.596560,1003.390500,333.977200,774.721500,638.893740,-62.462616,92.590790,101.849900,0.000000,0.000000,0.000000,34.301533,260.143400,301.186000,223.430540,611.202150,507.575410,-190.169300,43.393169,0.982258,0.000000,0.000000,0.000000,45.639458,104.301530,129.266770,248.064350,717.532960,594.100830,-158.346860,-42.987877,-22.653702,0.000000,0.000000,0.000000,-82.219833,9.853662,339.480010,312.335850,757.575680,741.802120,-241.759950,-113.807010,40.474632,0.000000,0.000000,0.000000,-115.908470,118.958470,259.640380,345.129270,633.138180,811.722900,-243.114010,-54.866379,53.348812,0.000000,0.000000,0.000000,-129.784150,149.690990,244.741730,274.224240,451.460880,736.228820,-210.405580,-125.376340,156.710010,0.000000,0.000000,0.000000,-111.751370,99.082016,180.507290,210.881670,523.386110,617.932740,-237.135090,-42.430035,75.428909,0.000000,0.000000,0.000000,-10.133724,19.882645,223.427290,193.116420,463.322910,709.466000,-176.811360,42.996895,23.520468,0.000000,0.000000,0.000000,17.148232,136.764650,187.867260,223.096770,496.983460,571.456600,-199.121440,101.475640,-47.139927,0.000000,0.000000,0.000000,54.990856,100.604200,202.389980,263.466430,505.393520,782.566410,-221.544510,73.466553,-60.379047,0.000000,0.000000,0.000000,56.543930,105.141680,191.551250,235.244630,334.974670,915.854610,-166.976320,-80.343170,46.440704,0.000000,0.000000,0.000000,-16.734180,146.366760,130.594350,226.421520,322.582090,646.160830,-170.978840,-49.754574,53.807953,0.000000,0.000000,0.000000,-18.246264,77.594894,154.262250,210.884570,366.576900,373.594790,-196.886400,38.925270,-14.918563,0.000000,0.000000,0.000000,6.269746,18.691196,151.662050,166.342390,305.825590,526.449770,-144.744220,40.335033,45.374832,0.000000,0.000000,0.000000,22.784351,-8.392980,166.219850,142.673890,279.192020,556.363340,-114.979110,3.661772,40.398426,0.000000,0.000000,0.000000,33.967262,-46.163826,182.407580,80.014870,216.242980,411.001190,-51.684708,27.161062,-24.294127,0.000000,0.000000,0.000000,15.075657,2.225836,86.775597,88.472939,157.651610,377.934080,-48.965794,30.085718,0.908323,0.000000,0.000000,0.000000,-12.383358,-18.346903,74.606583,104.148530,261.650180,351.260130,-86.990265,-21.007036,74.893196,0.000000,0.000000,0.000000,-20.740484,21.141678,81.680725,84.876480,237.182270,360.238800,-89.502716,-1.604208,24.377384,0.000000,0.000000,0.000000,-4.839382,15.454823,64.208153,81.038033,197.475070,474.454960,-86.458275,30.314880,-7.681300,0.000000,0.000000,0.000000,18.360126,4.681487,77.328796,99.186142,194.779710,417.726170,-102.958890,23.906664,-13.273958,0.000000,0.000000,0.000000,25.146893,13.857968,81.387482,126.314480,171.744110,295.367310,-105.557140,6.000975,5.542746,0.000000,0.000000,0.000000,10.165785,42.885223,20.296280,135.486770,169.715100,248.022690,-108.076070,35.145390,-0.939427,0.000000,0.000000,0.000000,-10.093641,15.406666,13.854715,114.258740,114.736850,329.594730,-77.412247,45.350651,4.331275,0.000000,0.000000,0.000000,-6.548951,22.053276,23.711605,82.459595,126.191760,275.729460,-59.234894,13.428872,32.233673,0.000000,0.000000,0.000000,-5.568456,7.935130,23.995560,64.725288,124.742110,179.675370,-56.268665,-13.537542,30.066547,0.000000,0.000000,0.000000,-9.356779,28.978043,7.928143,63.851315,101.277890,182.382490,-57.325989,-5.426258,23.323137,0.000000,0.000000,0.000000,-6.218050,13.869627,6.941535,36.001022,65.781639,181.948490,-25.396280,8.392802,25.633131,0.000000,0.000000,0.000000,10.026394,-0.142229,37.178318,38.324059,78.118843,148.782610,-30.895096,-12.981188,23.365599,0.000000,0.000000,0.000000,-5.602433,1.909960,38.999989,38.464027,86.349518,174.664830,-33.372459,-13.037544,22.879011,0.000000,0.000000,0.000000,-12.410254,13.721354,40.226696,32.768864,59.859028,207.029800,-17.448866,-2.413675,21.904312,0.000000,0.000000,0.000000,-2.784368,16.917654,27.568748,33.677479,43.370777,151.426380,-14.742403,2.948049,-0.356173,0.000000,0.000000,0.000000,-0.728359,-0.291870,23.978256,33.039543,46.724266,161.098720,-17.837069,-2.385051,11.595861,0.000000,0.000000,0.000000,-1.800521,2.688830,20.878899,36.959072,50.758659,121.811230,-25.310585,-1.445383,16.928513,0.000000,0.000000,0.000000,2.666915,6.968562,19.773743,34.126221,54.657871,91.480659,-24.649248,6.430892,6.361219,0.000000,0.000000,0.000000,-1.659660,0.117221,25.702318,27.861277,51.468327,111.411360,-23.781105,7.065518,6.483832,0.000000,0.000000,0.000000,-3.799133,10.211998,17.448410,26.400480,39.591267,101.372130,-19.143661,1.972801,8.592409,0.000000,0.000000,0.000000,-3.335202,13.085979,10.181637,21.434202,31.113468,107.642570,-11.572022,4.814803,5.293364,0.000000,0.000000,0.000000,-2.934567,14.876329,10.121751,20.693283,30.266584,113.037350,-13.400614,12.179320,5.484415,0.000000,0.000000,0.000000,-1.121631,18.306110,-1.010367,18.693502,27.801136,122.032240,-13.115120,4.664682,16.392799,0.000000,0.000000,0.000000,-2.706450,16.537785,1.571733,19.024149,24.441755,84.742760,-10.706780,-1.445625,14.642521,0.000000,0.000000,0.000000,-0.950257,13.290459,3.424910,21.885025,29.547905,78.829437,-11.507360,4.859670,14.841175,0.000000,0.000000,0.000000,2.269675,4.451523,8.062263,17.923231,25.674166,75.301270,-12.229212,1.685567,11.895123,0.000000,0.000000,0.000000,-2.181024,-3.188629,11.562073,15.532110,20.353798,64.671135,-9.531266,6.595100,3.140493,0.000000,0.000000,0.000000,-2.301839,6.021312,-2.557214,15.409739,23.334190,53.594425,-12.699390,1.655782,4.166353,0.000000,0.000000,0.000000,-3.083194,4.373338,-4.871106,11.012974,21.802752,59.951046,-10.282032,2.029518,5.523052,0.000000,0.000000,0.000000,-2.785132,7.573337,-4.013474,9.622263,16.332541,56.183632,-5.975739,5.650867,3.760570,0.000000,0.000000,0.000000,-2.853997,7.827034,-1.129622,11.434993,15.210895,53.787678,-6.842609,0.076130,5.806492,0.000000,0.000000,0.000000,-2.562615,4.356336,4.785845,13.971237,12.538603,45.889492,-7.111913,-2.431430,6.825132,0.000000,0.000000,0.000000,-2.382693,6.200006,-1.244071,12.103820,14.226328,48.472466,-7.651664,2.424344,1.279036,0.000000,0.000000,0.000000,-0.897887,0.619618,-3.001774,8.957000,13.970212,38.329144,-6.198120,2.489275,3.764109,0.000000,0.000000,0.000000,-2.274499,-1.076929,-0.624123,11.042758,19.847975,44.042675,-7.347462,6.559981,3.699061,0.000000,0.000000,0.000000,0.406189,0.910081,-1.830825,16.143991,17.939663,34.869419,-8.704854,7.450914,1.376543,0.000000,0.000000,0.000000,0.671436,3.053588,1.216697,18.058733,12.495228,51.085171,-8.343015,3.589394,-0.075227,0.000000,0.000000,0.000000,-0.493244,4.633793,1.511331,14.584992,13.173458,41.629086,-7.036544,4.187572,1.044626,0.000000,0.000000,0.000000,-2.689051,2.844815,-2.698236,10.090205,16.124077,39.595764,-6.845153,6.546490,3.445603,0.000000,0.000000,0.000000,-3.422749,1.557348,-5.893468,12.797734,14.731625,42.435154,-5.787594,9.412730,3.042307,0.000000,0.000000,0.000000,1.084729,2.096467,-0.719650,15.850305,18.926579,49.074989,-6.448804,12.172078,2.684899,0.000000,0.000000,0.000000,2.368597,0.371351,7.195174,19.477379,21.456909,39.334831,-11.495591,11.857831,-4.519739,0.000000,0.000000,0.000000,-0.984946,-1.775038,1.307090,22.628866,19.946787,36.476925,-10.729247,12.340642,-9.024582,0.000000,0.000000,0.000000,0.864910,-4.440693,-1.850545,17.152588,18.571661,41.199669,-5.742554,10.957208,-3.172440,0.000000,0.000000,0.000000,5.389859,-1.040436,2.730145,13.555673,25.655867,26.491329,-7.189745,5.144337,-3.532892,0.000000,0.000000,0.000000,2.001215,4.227371,-4.433255,11.655416,23.286123,22.113880,-6.391373,6.621498,-6.760410,0.000000,0.000000,0.000000,0.980466,0.909232,-2.670547,12.312630,17.086666,17.873564,-6.349186,2.188446,-4.724140,0.000000,0.000000,0.000000,0.132584,1.731528,0.035226,13.560865,21.521929,18.978134,-8.733747,4.831050,-5.998446,0.000000,0.000000,0.000000,-1.805392,1.843198,-0.590846,13.627200,18.562605,20.876816,-5.855906,4.230989,-6.359910,0.000000,0.000000,0.000000,-2.043577,1.680265,-2.393528,11.493186,16.274017,30.108713,-3.791275,3.765538,-2.726370,0.000000,0.000000,0.000000,-2.179697,-1.504439,0.636744,11.254456,13.581692,23.118280,-0.825647,3.346142,3.102788,0.000000,0.000000,0.000000,-0.428811,-0.629098,0.682467,13.015321,15.076967,19.478085,-1.803066,4.802162,1.221846,0.000000,0.000000,0.000000,-3.378473,0.717289,-0.661923,12.025954,12.124144,20.752457,-1.842912,5.384878,0.467088,0.000000,0.000000,0.000000,-0.512618,-0.432763,0.458957,10.125582,11.747327,17.265488,-1.713505,4.483544,-0.618086,0.000000,0.000000,0.000000,-0.728567,-0.069894,0.966093,NaN,NaN,NaN,NaN,NaN,NaN,NaN,NaN,NaN,NaN,NaN,NaN,NaN,NaN,NaN,NaN,NaN,NaN,NaN,NaN,NaN,NaN,NaN,NaN,NaN,NaN,NaN,NaN,NaN,NaN,NaN,NaN,NaN,NaN,NaN,NaN,NaN,NaN,NaN,NaN,NaN,NaN,NaN,NaN,NaN,NaN,NaN,NaN,NaN,NaN,NaN,NaN,NaN,NaN,NaN,NaN,NaN,NaN,NaN,NaN,NaN,NaN,NaN,NaN,NaN,NaN,NaN,NaN,NaN,NaN,NaN,NaN,NaN,NaN,NaN,NaN,NaN,NaN,NaN,NaN,NaN,NaN,NaN,NaN,NaN,NaN,NaN,NaN,NaN,NaN,NaN,NaN,NaN,NaN,NaN,NaN,NaN,NaN,NaN,NaN,NaN,NaN,NaN,NaN,NaN,NaN,NaN,NaN,NaN,NaN,NaN,NaN,NaN,NaN,NaN,NaN,NaN,NaN,NaN,NaN,NaN,NaN,NaN,NaN,NaN,NaN,NaN,NaN,NaN,NaN,NaN,NaN,NaN,NaN,NaN,NaN,NaN,NaN,NaN,NaN,NaN,NaN,NaN,NaN,NaN,NaN,NaN,NaN,NaN,NaN,NaN,NaN,NaN,NaN,NaN,NaN,NaN,NaN,NaN,NaN,NaN,NaN,NaN,NaN,NaN,NaN,NaN,NaN,NaN,NaN,NaN,NaN,NaN,NaN,NaN,NaN,NaN,NaN,NaN,NaN,NaN,NaN,NaN,NaN,NaN,NaN,NaN,NaN,NaN,NaN,NaN,NaN,NaN,NaN,NaN,NaN,NaN,NaN,NaN,NaN,NaN,NaN,NaN,NaN,NaN,NaN,NaN,NaN,NaN,NaN,NaN,NaN,NaN,NaN,NaN,NaN,NaN,NaN,NaN,NaN,NaN,NaN,NaN,NaN,NaN,NaN,NaN,NaN,NaN,NaN,NaN,NaN,NaN,NaN,NaN,NaN,NaN,NaN,NaN,NaN,NaN,NaN,NaN,NaN,NaN,NaN,NaN,NaN,NaN,NaN,NaN,NaN,NaN,NaN,NaN,NaN,NaN,NaN,NaN,NaN,NaN,NaN,NaN,NaN,NaN,NaN,NaN,NaN,NaN,NaN,NaN,NaN,NaN,NaN,NaN,NaN,NaN,NaN,NaN,NaN,NaN,NaN,NaN,NaN,NaN,NaN,NaN,NaN,NaN,NaN,NaN,NaN,NaN,NaN,NaN,NaN,NaN,NaN,NaN,NaN,NaN,NaN,NaN,NaN,NaN,NaN,NaN,NaN,NaN,NaN,NaN,NaN,NaN,NaN,NaN,NaN,NaN,NaN,NaN,NaN,NaN,NaN,NaN,NaN,NaN,NaN,NaN,NaN,NaN,NaN,NaN,NaN,NaN,NaN,NaN,NaN,NaN,NaN,NaN,NaN,NaN,NaN,NaN,NaN,NaN,NaN,NaN,NaN,NaN,NaN,NaN,NaN,NaN,NaN,NaN,NaN,NaN,NaN,NaN,NaN,NaN,NaN,NaN,NaN,NaN,NaN,NaN,NaN,NaN,NaN,NaN,NaN,NaN,NaN,NaN,NaN,NaN,NaN,NaN,NaN,NaN,NaN,NaN,NaN,NaN,NaN,NaN,NaN,NaN,NaN,NaN,NaN,NaN,NaN,NaN,NaN,NaN,NaN,NaN,NaN,NaN,NaN,NaN,NaN,NaN,NaN,NaN,NaN,NaN,NaN,NaN,NaN,NaN,NaN,NaN,NaN,NaN,NaN,NaN,NaN,NaN,NaN,NaN,NaN,NaN,NaN,NaN,NaN,NaN,NaN,NaN,NaN,NaN,NaN,NaN,NaN,NaN,NaN,NaN,NaN,NaN,NaN,NaN,NaN,NaN,NaN,NaN,NaN,NaN,NaN,NaN,NaN,NaN,NaN,NaN,NaN,NaN,NaN,NaN,NaN,NaN,NaN,NaN,NaN,NaN,NaN,NaN,NaN,NaN,NaN,NaN,NaN,NaN,NaN,NaN,NaN,NaN,NaN,NaN,NaN,NaN,NaN,NaN,NaN,NaN,NaN,NaN,NaN,NaN,NaN,NaN,NaN,NaN,NaN,NaN,NaN,NaN,NaN,NaN,NaN,NaN,NaN,NaN,NaN,NaN,NaN,NaN,NaN,NaN,NaN,NaN,NaN,NaN,NaN,NaN,NaN,NaN,NaN,NaN,NaN,NaN,NaN,NaN,NaN,NaN,NaN,NaN,NaN,NaN,NaN,NaN,NaN,NaN,NaN,NaN,NaN,NaN,NaN,NaN,NaN,NaN,NaN,NaN,NaN,NaN,NaN,NaN,NaN,NaN,NaN,NaN,NaN,
SPECA,1338741123,1653285829.60,1653285931.60,33,NaN,NaN,NaN,NaN,NaN,NaN,NaN,NaN,NaN,NaN,NaN,NaN,NaN,NaN,NaN,NaN,NaN,NaN,NaN,NaN,NaN,NaN,NaN,NaN,NaN,NaN,NaN,NaN,NaN,NaN,NaN,NaN,NaN,NaN,NaN,NaN,286.687990,262.231050,99.928726,-146.504230,-7.325748,1.159776,0.000000,0.000000,0.000000,-54.884514,7.012807,32.068195,383.862060,548.574830,141.120610,-271.460210,18.391083,-56.402157,0.000000,0.000000,0.000000,-29.277271,20.258415,32.621323,678.197630,1359.596900,900.465880,105.621060,110.633360,-91.318260,0.000000,0.000000,0.000000,76.046974,400.410310,740.390560,5345.124000,10608.162000,12949.431000,5942.504400,1316.130500,991.602110,0.000000,0.000000,0.000000,433.076540,7609.026400,10811.008000,8961.057600,19190.270000,24361.109000,10726.035000,2881.928200,1541.380500,0.000000,0.000000,0.000000,1349.950400,13720.046000,20106.980000,3257.224600,7463.448700,9327.778300,3695.725800,1135.861200,428.138490,0.000000,0.000000,0.000000,570.034970,4994.919900,7467.000000,1220.615700,2483.837900,2841.666500,944.449650,245.456650,317.965030,0.000000,0.000000,0.000000,-4.432701,1522.184200,2131.636500,673.998110,1441.804800,1807.004300,346.965610,17.303272,221.529740,0.000000,0.000000,0.000000,-124.708130,779.345280,1159.179200,334.831600,784.877560,998.367680,122.294330,30.118269,77.418114,0.000000,0.000000,0.000000,-21.806805,400.021180,492.068630,247.318730,560.957950,998.697270,-17.695135,32.766727,77.351059,0.000000,0.000000,0.000000,-7.091661,269.261290,352.666600,234.677640,664.467470,971.038940,-201.033190,65.096039,-110.011920,0.000000,0.000000,0.000000,30.595295,-8.648799,384.870880,296.376310,709.137940,1078.993000,-220.359190,98.011086,-30.346680,0.000000,0.000000,0.000000,-2.557464,96.531235,382.919860,310.974090,545.782350,923.897830,-162.532700,72.332672,1.324602,0.000000,0.000000,0.000000,31.110115,175.272540,266.271360,229.069760,550.943120,767.529660,-177.484310,20.735281,-48.160473,0.000000,0.000000,0.000000,28.699856,52.983616,308.584470,171.836980,490.318150,984.406800,-148.083860,-9.294976,69.944290,0.000000,0.000000,0.000000,-20.103376,96.681602,286.429870,170.302570,535.450440,891.391600,-133.239720,-38.781353,28.164810,0.000000,0.000000,0.000000,-23.756548,73.540527,330.034390,190.153990,599.485780,773.863220,-188.722990,-16.723671,11.758420,0.000000,0.000000,0.000000,-23.234322,26.949081,404.283510,227.571990,501.868800,835.476680,-185.121990,73.552834,13.817957,0.000000,0.000000,0.000000,15.393354,92.091774,297.999660,159.223240,388.752140,769.286010,-144.286290,-1.614793,91.964600,0.000000,0.000000,0.000000,19.198265,9.501453,283.058040,132.749210,330.436250,699.337400,-126.973790,-15.635893,121.323480,0.000000,0.000000,0.000000,-3.190242,6.347733,170.509250,171.711820,345.891540,559.381840,-150.306210,2.049345,52.760059,0.000000,0.000000,0.000000,-32.448456,83.384422,82.579651,127.424410,309.686650,435.549650,-121.651840,10.451546,-13.727067,0.000000,0.000000,0.000000,-10.375951,38.404686,109.032340,83.310860,220.849750,573.981990,-63.196384,38.185265,20.107777,0.000000,0.000000,0.000000,6.422463,3.823225,126.940850,76.676208,243.154080,522.784360,-51.402664,9.053530,51.328644,0.000000,0.000000,0.000000,12.300858,3.377119,166.428710,101.215010,258.086880,449.519410,-81.630829,-3.586072,35.888245,0.000000,0.000000,0.000000,3.204501,22.460793,110.807590,119.458920,287.880680,490.799500,-120.348660,-27.024780,66.414322,0.000000,0.000000,0.000000,-7.498803,-5.518761,89.744881,135.400470,250.317380,587.102910,-117.925480,-12.661409,26.416435,0.000000,0.000000,0.000000,7.099753,-20.158361,139.961520,86.835258,197.306760,377.572450,-73.347069,-1.540284,12.356926,0.000000,0.000000,0.000000,-5.344135,-12.720594,103.465160,75.288376,193.001940,349.171020,-81.821915,0.093946,1.700624,0.000000,0.000000,0.000000,12.968923,-12.003784,98.853340,113.980420,274.695370,432.817810,-127.388170,-4.172403,40.296310,0.000000,0.000000,0.000000,9.628251,-21.097466,163.359250,100.439050,229.541720,324.479000,-104.683010,16.475107,26.900063,0.000000,0.000000,0.000000,2.152217,-17.949781,111.717580,84.781677,158.608220,275.664640,-73.543961,-8.804893,34.911686,0.000000,0.000000,0.000000,7.402899,23.890739,45.104969,64.690010,145.932890,302.691310,-60.010040,-37.036339,63.243637,0.000000,0.000000,0.000000,1.661591,10.662946,77.074493,71.091484,124.658360,288.707460,-43.464077,-13.405418,27.205824,0.000000,0.000000,0.000000,12.446513,18.180462,64.791374,53.051838,109.737290,248.137390,-38.548519,-16.550480,17.106226,0.000000,0.000000,0.000000,3.554552,-13.494708,21.330387,62.055126,96.902992,286.081330,-46.995010,-2.053532,23.075331,0.000000,0.000000,0.000000,2.335844,-8.112740,34.475243,49.861141,55.507156,168.565260,-25.187456,5.595057,13.274193,0.000000,0.000000,0.000000,10.447545,-3.870891,33.021610,50.172604,61.125965,97.015617,-28.910498,3.867612,5.195266,0.000000,0.000000,0.000000,11.301220,-7.242799,22.745735,38.460594,72.115814,78.886917,-29.805759,3.392830,0.172459,0.000000,0.000000,0.000000,-1.403541,-14.033259,20.892168,35.807556,82.359436,131.118680,-23.974201,16.083412,2.245697,0.000000,0.000000,0.000000,3.584619,-3.679036,29.939774,24.642508,52.564240,148.898320,-15.459486,14.695731,8.632864,0.000000,0.000000,0.000000,-1.046240,10.061801,13.205105,27.574915,45.980640,129.519530,-16.607725,-0.373227,14.336136,0.000000,0.000000,0.000000,-4.134302,-10.861543,22.372242,24.826077,46.661999,117.676210,-17.484211,5.097545,4.081242,0.000000,0.000000,0.000000,-6.226054,-7.271545,17.975607,25.186844,47.552540,128.688290,-17.082916,18.248535,1.079190,0.000000,0.000000,0.000000,-1.918772,-2.643280,16.103539,24.402458,39.580475,103.088260,-10.587066,11.623116,1.255751,0.000000,0.000000,0.000000,2.473581,8.770585,15.942696,21.555576,35.617619,91.403320,-12.426681,6.913095,-0.925747,0.000000,0.000000,0.000000,4.432912,8.245613,9.165814,23.653128,42.465519,82.461136,-19.869328,9.714951,-2.961857,0.000000,0.000000,0.000000,3.553029,-0.582783,12.927948,19.031696,41.286240,91.996422,-15.533356,7.102389,1.128067,0.000000,0.000000,0.000000,3.904436,2.829216,22.130764,15.914078,30.673592,100.896350,-10.416553,1.321253,11.346418,0.000000,0.000000,0.000000,0.363494,4.107757,26.137547,20.971630,28.898186,93.339668,-14.865662,8.078424,10.471605,0.000000,0.000000,0.000000,-0.309477,-1.522848,18.601038,23.037451,40.369759,94.353218,-17.504921,1.439071,26.971827,0.000000,0.000000,0.000000,-3.710755,6.232326,9.510133,17.556536,28.881269,67.159065,-11.548405,0.304059,11.473233,0.000000,0.000000,0.000000,-1.137436,8.307769,0.762327,17.743908,28.600452,53.138645,-14.459138,-1.334656,9.209988,0.000000,0.000000,0.000000,-2.599087,4.283135,-0.196098,14.291873,30.519661,55.929226,-13.963298,-1.616233,7.500475,0.000000,0.000000,0.000000,-2.362011,1.108258,4.054036,16.548481,31.414232,49.548050,-16.205822,-1.788963,4.839783,0.000000,0.000000,0.000000,-2.870085,5.444232,-2.508477,16.207150,26.595797,44.635185,-12.137909,-1.317718,3.066482,0.000000,0.000000,0.000000,-3.548454,1.956714,-0.819430,17.130959,23.263851,35.673233,-11.361975,-1.199837,1.307451,0.000000,0.000000,0.000000,-4.360586,0.802630,1.364672,19.709295,24.331146,46.105858,-13.677012,-3.286807,2.770184,0.000000,0.000000,0.000000,-4.704010,-4.540738,5.648794,20.467131,23.963518,60.963905,-13.130919,4.310245,7.596258,0.000000,0.000000,0.000000,-2.736015,3.102142,3.861825,20.468313,21.690680,46.435604,-11.182229,0.123173,12.268237,0.000000,0.000000,0.000000,-2.819933,8.373959,-1.708154,15.217268,21.428074,38.377190,-9.964682,-0.902844,10.652656,0.000000,0.000000,0.000000,-4.223700,4.717353,-1.927817,13.924306,16.947041,46.110161,-7.693341,6.407929,3.360744,0.000000,0.000000,0.000000,-4.487385,1.035229,1.173339,13.521939,22.798651,50.888660,-6.872385,6.576592,7.204163,0.000000,0.000000,0.000000,-3.032797,0.980968,-1.707731,15.192205,29.140427,54.160473,-8.206042,3.945700,16.677174,0.000000,0.000000,0.000000,-2.574360,4.998384,-4.053812,17.737724,30.057842,55.839317,-12.981288,4.117881,16.401258,0.000000,0.000000,0.000000,-2.179699,5.212540,-9.459133,15.462063,31.675005,48.428692,-11.445983,1.732408,12.690646,0.000000,0.000000,0.000000,0.496609,3.306752,-2.716152,12.867811,30.927265,41.547047,-10.004367,2.706425,7.956282,0.000000,0.000000,0.000000,1.737157,3.501143,0.037707,18.494982,28.505671,32.286591,-8.404187,0.065680,9.635872,0.000000,0.000000,0.000000,-2.422130,1.252203,0.807182,15.100575,26.251854,34.214470,-6.216352,-0.526952,7.042979,0.000000,0.000000,0.000000,-2.250383,-2.056832,1.885961,15.692140,19.148714,27.580143,-8.286493,-2.885515,5.443103,0.000000,0.000000,0.000000,-2.770275,1.851621,-2.811393,20.201269,23.775175,17.622467,-12.135270,-6.296316,9.490483,0.000000,0.000000,0.000000,-3.969739,2.774207,-2.613724,21.316099,24.219576,22.066507,-9.724576,-4.885468,11.787263,0.000000,0.000000,0.000000,1.617474,-2.402447,1.613245,14.409611,20.674974,25.526190,-4.089370,0.274605,6.886609,0.000000,0.000000,0.000000,3.598641,-4.120796,-3.085531,11.719888,21.916651,23.109713,-5.002879,2.895869,1.372750,0.000000,0.000000,0.000000,1.883877,0.958927,-4.577692,13.982083,23.990715,20.887291,-7.634675,4.100433,2.647123,0.000000,0.000000,0.000000,0.071401,3.644083,-3.995696,15.154619,20.763882,21.254519,-6.531507,4.822117,1.128062,0.000000,0.000000,0.000000,-2.179569,5.246706,-4.083398,14.618298,19.272709,16.750687,-4.632660,3.857169,1.671402,0.000000,0.000000,0.000000,0.901664,0.532294,0.733472,14.525354,19.189594,12.596469,-7.614316,0.875002,2.868601,0.000000,0.000000,0.000000,1.663948,-3.295387,2.895749,12.798341,13.235259,15.813622,-4.340954,-0.229356,5.104112,0.000000,0.000000,0.000000,1.919565,-3.420527,3.070292,NaN,NaN,NaN,NaN,NaN,NaN,NaN,NaN,NaN,NaN,NaN,NaN,NaN,NaN,NaN,NaN,NaN,NaN,NaN,NaN,NaN,NaN,NaN,NaN,NaN,NaN,NaN,NaN,NaN,NaN,NaN,NaN,NaN,NaN,NaN,NaN,NaN,NaN,NaN,NaN,NaN,NaN,NaN,NaN,NaN,NaN,NaN,NaN,NaN,NaN,NaN,NaN,NaN,NaN,NaN,NaN,NaN,NaN,NaN,NaN,NaN,NaN,NaN,NaN,NaN,NaN,NaN,NaN,NaN,NaN,NaN,NaN,NaN,NaN,NaN,NaN,NaN,NaN,NaN,NaN,NaN,NaN,NaN,NaN,NaN,NaN,NaN,NaN,NaN,NaN,NaN,NaN,NaN,NaN,NaN,NaN,NaN,NaN,NaN,NaN,NaN,NaN,NaN,NaN,NaN,NaN,NaN,NaN,NaN,NaN,NaN,NaN,NaN,NaN,NaN,NaN,NaN,NaN,NaN,NaN,NaN,NaN,NaN,NaN,NaN,NaN,NaN,NaN,NaN,NaN,NaN,NaN,NaN,NaN,NaN,NaN,NaN,NaN,NaN,NaN,NaN,NaN,NaN,NaN,NaN,NaN,NaN,NaN,NaN,NaN,NaN,NaN,NaN,NaN,NaN,NaN,NaN,NaN,NaN,NaN,NaN,NaN,NaN,NaN,NaN,NaN,NaN,NaN,NaN,NaN,NaN,NaN,NaN,NaN,NaN,NaN,NaN,NaN,NaN,NaN,NaN,NaN,NaN,NaN,NaN,NaN,NaN,NaN,NaN,NaN,NaN,NaN,NaN,NaN,NaN,NaN,NaN,NaN,NaN,NaN,NaN,NaN,NaN,NaN,NaN,NaN,NaN,NaN,NaN,NaN,NaN,NaN,NaN,NaN,NaN,NaN,NaN,NaN,NaN,NaN,NaN,NaN,NaN,NaN,NaN,NaN,NaN,NaN,NaN,NaN,NaN,NaN,NaN,NaN,NaN,NaN,NaN,NaN,NaN,NaN,NaN,NaN,NaN,NaN,NaN,NaN,NaN,NaN,NaN,NaN,NaN,NaN,NaN,NaN,NaN,NaN,NaN,NaN,NaN,NaN,NaN,NaN,NaN,NaN,NaN,NaN,NaN,NaN,NaN,NaN,NaN,NaN,NaN,NaN,NaN,NaN,NaN,NaN,NaN,NaN,NaN,NaN,NaN,NaN,NaN,NaN,NaN,NaN,NaN,NaN,NaN,NaN,NaN,NaN,NaN,NaN,NaN,NaN,NaN,NaN,NaN,NaN,NaN,NaN,NaN,NaN,NaN,NaN,NaN,NaN,NaN,NaN,NaN,NaN,NaN,NaN,NaN,NaN,NaN,NaN,NaN,NaN,NaN,NaN,NaN,NaN,NaN,NaN,NaN,NaN,NaN,NaN,NaN,NaN,NaN,NaN,NaN,NaN,NaN,NaN,NaN,NaN,NaN,NaN,NaN,NaN,NaN,NaN,NaN,NaN,NaN,NaN,NaN,NaN,NaN,NaN,NaN,NaN,NaN,NaN,NaN,NaN,NaN,NaN,NaN,NaN,NaN,NaN,NaN,NaN,NaN,NaN,NaN,NaN,NaN,NaN,NaN,NaN,NaN,NaN,NaN,NaN,NaN,NaN,NaN,NaN,NaN,NaN,NaN,NaN,NaN,NaN,NaN,NaN,NaN,NaN,NaN,NaN,NaN,NaN,NaN,NaN,NaN,NaN,NaN,NaN,NaN,NaN,NaN,NaN,NaN,NaN,NaN,NaN,NaN,NaN,NaN,NaN,NaN,NaN,NaN,NaN,NaN,NaN,NaN,NaN,NaN,NaN,NaN,NaN,NaN,NaN,NaN,NaN,NaN,NaN,NaN,NaN,NaN,NaN,NaN,NaN,NaN,NaN,NaN,NaN,NaN,NaN,NaN,NaN,NaN,NaN,NaN,NaN,NaN,NaN,NaN,NaN,NaN,NaN,NaN,NaN,NaN,NaN,NaN,NaN,NaN,NaN,NaN,NaN,NaN,NaN,NaN,NaN,NaN,NaN,NaN,NaN,NaN,NaN,NaN,NaN,NaN,NaN,NaN,NaN,NaN,NaN,NaN,NaN,NaN,NaN,NaN,NaN,NaN,NaN,NaN,NaN,NaN,NaN,NaN,NaN,NaN,NaN,NaN,NaN,NaN,NaN,NaN,NaN,NaN,NaN,NaN,NaN,NaN,NaN,NaN,NaN,NaN,NaN,NaN,NaN,NaN,NaN,NaN,NaN,NaN,NaN,NaN,NaN,NaN,NaN,NaN,NaN,NaN,NaN,NaN,NaN,NaN,NaN,NaN,NaN,NaN,NaN,NaN,NaN,NaN,NaN,NaN,NaN,NaN,NaN,
SPECA,1340539283,1653287629.60,1653287731.60,33,NaN,NaN,NaN,NaN,NaN,NaN,NaN,NaN,NaN,NaN,NaN,NaN,NaN,NaN,NaN,NaN,NaN,NaN,NaN,NaN,NaN,NaN,NaN,NaN,NaN,NaN,NaN,NaN,NaN,NaN,NaN,NaN,NaN,NaN,NaN,NaN,324.307400,321.956150,83.614700,-127.989620,-25.039631,-14.568441,0.000000,0.000000,0.000000,-101.546890,6.661690,25.497812,371.684630,358.225460,128.027510,-186.829040,-61.921154,4.801554,0.000000,0.000000,0.000000,-42.901535,29.680731,55.088421,636.313050,976.291140,656.075990,44.458527,-5.243891,-22.304693,0.000000,0.000000,0.000000,29.882002,337.778380,460.136170,5779.269000,9963.109400,10957.504000,5563.064500,1842.460600,-330.101530,0.000000,0.000000,0.000000,1716.671100,7299.163100,9336.417000,10483.840000,17628.738000,21230.010000,10619.811000,3681.214800,-116.594950,0.000000,0.000000,0.000000,3016.906300,13638.242000,18136.357000,3647.159400,6495.465300,7718.520000,2976.238300,1159.364400,623.402100,0.000000,0.000000,0.000000,598.036740,4428.649900,6246.250500,1242.604600,3074.499300,2862.523900,1060.770600,106.091580,750.430180,0.000000,0.000000,0.000000,-460.076050,1425.644400,2401.684300,482.509520,1265.610100,1119.242600,196.623430,13.649652,152.438520,0.000000,0.000000,0.000000,-185.288380,457.197330,821.977910,291.879000,790.621030,921.928040,-45.318436,-34.502926,-23.405462,0.000000,0.000000,0.000000,-116.175640,235.939440,495.520290,199.127810,878.175840,848.385500,-117.097250,-62.187859,60.871513,0.000000,0.000000,0.000000,-138.005920,70.957207,513.611450,405.741670,894.810970,905.407710,-324.804840,-89.418274,115.429930,0.000000,0.000000,0.000000,-160.716140,16.585844,479.981260,502.356630,672.965820,1156.363500,-319.295840,42.226891,89.113060,0.000000,0.000000,0.000000,-25.619314,75.153915,503.425050,357.283050,501.048650,975.643310,-188.368320,-43.902203,78.771805,0.000000,0.000000,0.000000,-1.691144,33.145260,398.312500,233.523970,515.669560,918.046630,-158.939530,-7.444419,24.205019,0.000000,0.000000,0.000000,-4.960119,26.815390,397.931210,184.169220,616.905700,755.882260,-196.379520,-18.666895,-3.335365,0.000000,0.000000,0.000000,-45.525661,-0.908932,386.837920,195.238740,464.217010,679.053710,-157.310500,-97.142738,109.984210,0.000000,0.000000,0.000000,-81.218750,110.446540,262.174190,258.999630,503.973690,656.694030,-205.114110,-78.447090,203.597600,0.000000,0.000000,0.000000,-105.390300,184.583510,95.745872,327.163420,512.101810,621.588320,-262.436190,-35.504051,125.855670,0.000000,0.000000,0.000000,-57.712814,125.218520,106.087670,332.707490,536.711670,724.839720,-252.158620,-63.395691,38.928871,0.000000,0.000000,0.000000,-42.672745,165.968480,170.662770,223.979200,358.867490,644.854130,-146.938170,-9.942805,-9.486336,0.000000,0.000000,0.000000,-29.668558,128.170390,129.751450,195.467180,394.066860,655.504640,-162.599260,12.084998,27.783266,0.000000,0.000000,0.000000,-33.010418,31.324242,103.632980,142.739460,331.814030,562.424260,-121.830120,-15.623938,158.549790,0.000000,0.000000,0.000000,3.094878,-19.550850,128.158970,171.139760,409.836330,588.965330,-176.758000,-11.649815,108.680320,0.000000,0.000000,0.000000,20.849766,24.430613,125.964190,210.284560,492.494480,501.669740,-231.849170,-42.260860,101.555240,0.000000,0.000000,0.000000,-28.353748,61.801067,68.298416,168.393480,420.166560,599.417110,-189.153820,-61.404114,120.736820,0.000000,0.000000,0.000000,-21.329933,66.900040,87.158043,145.244350,292.892150,537.818600,-123.348690,-4.917707,53.794643,0.000000,0.000000,0.000000,36.072281,37.627289,66.813301,142.571580,309.561190,453.181700,-144.494580,-19.686163,64.240379,0.000000,0.000000,0.000000,20.022863,-25.446302,93.704887,149.296360,325.257870,499.179720,-146.873610,-4.108830,2.443138,0.000000,0.000000,0.000000,10.639716,-33.125141,201.357910,135.846980,355.057190,392.487670,-164.314790,-16.394888,48.606945,0.000000,0.000000,0.000000,3.580472,-16.939785,136.619860,109.153400,208.943010,284.509280,-99.864716,24.408960,-0.552249,0.000000,0.000000,0.000000,-5.719764,25.341541,27.506735,66.261040,137.692580,315.650540,-58.816002,36.824108,21.202930,0.000000,0.000000,0.000000,-0.909760,8.046897,33.300533,83.801018,173.942030,369.626220,-83.505325,39.625553,-25.303070,0.000000,0.000000,0.000000,22.793770,14.400064,68.046562,63.126762,150.889540,323.595640,-55.373478,-8.426832,33.801929,0.000000,0.000000,0.000000,0.320309,31.471317,62.871353,88.225090,127.636020,305.261260,-61.598293,-36.754524,62.718597,0.000000,0.000000,0.000000,-14.361895,39.632465,31.459785,72.696762,134.768550,220.379940,-55.112400,-23.125687,42.530418,0.000000,0.000000,0.000000,-6.864938,12.208166,27.543400,61.362072,145.859680,258.736690,-61.224163,-36.259029,53.166344,0.000000,0.000000,0.000000,-4.797487,-20.686817,81.825005,50.962265,110.533450,207.705230,-48.492191,-20.946846,33.195255,0.000000,0.000000,0.000000,-0.523028,7.174085,40.159386,54.084118,98.907646,187.695470,-48.639862,-10.783695,2.772629,0.000000,0.000000,0.000000,-3.601896,16.460974,23.215187,47.741138,76.409981,170.205960,-38.020977,-3.009956,3.337130,0.000000,0.000000,0.000000,-4.440588,-6.977757,46.018406,39.110111,64.373802,210.976000,-23.081379,-18.145132,52.066956,0.000000,0.000000,0.000000,-0.049968,6.049137,21.115248,39.489571,65.908791,168.889390,-26.633335,-7.093578,33.127445,0.000000,0.000000,0.000000,-2.722538,1.168046,16.568718,35.691643,67.147964,119.529600,-30.518101,-4.183525,17.890934,0.000000,0.000000,0.000000,-7.342722,8.054932,7.234772,25.139210,60.366348,130.581710,-20.970015,0.432347,30.067635,0.000000,0.000000,0.000000,0.576675,5.291640,20.281805,22.714167,49.080040,143.012050,-15.562717,-0.817134,20.034651,0.000000,0.000000,0.000000,-2.372346,3.211750,24.665712,28.187555,38.449535,143.868230,-16.424459,-3.336597,13.035127,0.000000,0.000000,0.000000,-4.362269,13.756138,9.624704,23.073147,51.093662,125.329010,-19.048502,-4.827376,14.421736,0.000000,0.000000,0.000000,-4.403163,13.356679,18.534243,19.005245,55.410118,129.513530,-15.626240,5.402874,19.568377,0.000000,0.000000,0.000000,-0.972459,7.457039,24.385109,15.326460,46.159401,128.363540,-11.663245,3.484792,21.832466,0.000000,0.000000,0.000000,0.801007,-5.998506,22.524660,17.013536,44.120602,92.914169,-11.826213,-6.006669,22.248455,0.000000,0.000000,0.000000,0.995926,-6.189050,17.265285,17.528957,34.102688,91.093666,-7.035815,7.649282,25.673279,0.000000,0.000000,0.000000,-4.538011,2.088152,10.768480,17.095417,36.697067,133.424930,-10.723200,-0.003724,33.573891,0.000000,0.000000,0.000000,-3.426338,11.018147,14.754912,18.562653,40.646603,90.112091,-14.424434,1.634652,16.847284,0.000000,0.000000,0.000000,-1.467867,-0.677374,18.520428,16.826717,28.978968,70.721321,-10.211982,4.372172,6.494783,0.000000,0.000000,0.000000,-3.618644,5.902640,8.262465,15.163334,29.774462,78.735115,-9.595597,-1.490121,7.123741,0.000000,0.000000,0.000000,-3.843448,5.448649,7.382479,15.334379,36.542198,86.992615,-12.558521,-5.851637,16.430681,0.000000,0.000000,0.000000,-3.832847,0.567879,11.225568,19.845387,34.791580,65.832970,-13.462438,5.033839,13.174459,0.000000,0.000000,0.000000,-6.581833,4.308803,-2.017473,20.304966,24.415300,52.952190,-8.909014,7.025606,10.893606,0.000000,0.000000,0.000000,-6.578311,-1.080932,0.513183,18.174898,29.154396,47.511673,-9.895138,-0.032047,14.589645,0.000000,0.000000,0.000000,-8.638741,0.771479,1.213186,15.833991,34.564938,51.227432,-13.713387,-3.358974,13.033596,0.000000,0.000000,0.000000,-4.973829,3.022676,-4.338120,13.770312,35.711479,57.689590,-10.420594,0.374341,9.917327,0.000000,0.000000,0.000000,-4.117677,-0.905113,8.495241,12.955342,34.791359,58.493225,-8.032681,2.042189,10.924058,0.000000,0.000000,0.000000,-2.829611,-3.650828,11.132661,14.312451,32.213318,51.534225,-4.925923,3.001143,16.659323,0.000000,0.000000,0.000000,-1.544034,-1.947950,5.817481,15.179652,23.689770,40.555222,-3.267155,5.290834,11.847729,0.000000,0.000000,0.000000,0.677033,-1.613818,0.714265,15.183702,19.138916,41.709919,-4.313247,6.628417,7.112395,0.000000,0.000000,0.000000,-2.078722,0.922806,0.076850,10.877286,14.314862,30.192474,-5.232010,1.816113,1.838364,0.000000,0.000000,0.000000,0.058143,0.923230,3.143141,14.827211,28.976076,37.128483,-11.735691,1.315399,9.895188,0.000000,0.000000,0.000000,-0.303042,-2.573586,0.341394,17.078512,31.745863,30.412985,-12.326891,-0.219239,7.815535,0.000000,0.000000,0.000000,0.927824,-3.429603,4.629109,13.703432,33.644058,45.139725,-8.039703,1.160257,14.963416,0.000000,0.000000,0.000000,-3.257927,1.768801,2.198019,14.370836,38.234077,39.001778,-8.373163,-1.778815,13.986325,0.000000,0.000000,0.000000,-4.385508,-1.027348,3.774961,17.516979,30.312435,28.993807,-7.267073,-1.733479,9.719031,0.000000,0.000000,0.000000,-5.221172,-0.291631,-0.569905,18.497604,26.896952,28.562813,-7.993814,2.298966,10.320284,0.000000,0.000000,0.000000,-2.074136,-1.457857,0.027643,15.474521,26.388109,24.137732,-9.400061,-0.086357,3.969926,0.000000,0.000000,0.000000,-1.456094,0.350312,3.057087,13.303588,26.991564,22.961514,-7.602158,2.371847,-2.219381,0.000000,0.000000,0.000000,0.006565,0.277565,3.866672,12.011400,24.152830,21.943872,-6.134110,3.073879,2.329649,0.000000,0.000000,0.000000,4.075072,-1.188563,2.262128,13.701043,16.939203,26.138134,-3.737786,0.907456,5.458817,0.000000,0.000000,0.000000,3.332481,1.485784,2.808990,15.740183,18.154751,21.265554,-2.887963,1.315331,4.679585,0.000000,0.000000,0.000000,-1.411042,-0.571690,3.549888,10.914231,20.241877,20.780960,-2.458514,1.065611,7.036401,0.000000,0.000000,0.000000,0.587012,-2.378157,0.382784,11.005429,14.729847,16.529099,-2.196097,3.446819,2.814186,0.000000,0.000000,0.000000,0.115520,-1.518749,-0.311831,10.918598,11.437439,16.868694,-3.190988,3.112287,2.433125,0.000000,0.000000,0.000000,-2.334563,-0.716729,0.152009,NaN,NaN,NaN,NaN,NaN,NaN,NaN,NaN,NaN,NaN,NaN,NaN,NaN,NaN,NaN,NaN,NaN,NaN,NaN,NaN,NaN,NaN,NaN,NaN,NaN,NaN,NaN,NaN,NaN,NaN,NaN,NaN,NaN,NaN,NaN,NaN,NaN,NaN,NaN,NaN,NaN,NaN,NaN,NaN,NaN,NaN,NaN,NaN,NaN,NaN,NaN,NaN,NaN,NaN,NaN,NaN,NaN,NaN,NaN,NaN,NaN,NaN,NaN,NaN,NaN,NaN,NaN,NaN,NaN,NaN,NaN,NaN,NaN,NaN,NaN,NaN,NaN,NaN,NaN,NaN,NaN,NaN,NaN,NaN,NaN,NaN,NaN,NaN,NaN,NaN,NaN,NaN,NaN,NaN,NaN,NaN,NaN,NaN,NaN,NaN,NaN,NaN,NaN,NaN,NaN,NaN,NaN,NaN,NaN,NaN,NaN,NaN,NaN,NaN,NaN,NaN,NaN,NaN,NaN,NaN,NaN,NaN,NaN,NaN,NaN,NaN,NaN,NaN,NaN,NaN,NaN,NaN,NaN,NaN,NaN,NaN,NaN,NaN,NaN,NaN,NaN,NaN,NaN,NaN,NaN,NaN,NaN,NaN,NaN,NaN,NaN,NaN,NaN,NaN,NaN,NaN,NaN,NaN,NaN,NaN,NaN,NaN,NaN,NaN,NaN,NaN,NaN,NaN,NaN,NaN,NaN,NaN,NaN,NaN,NaN,NaN,NaN,NaN,NaN,NaN,NaN,NaN,NaN,NaN,NaN,NaN,NaN,NaN,NaN,NaN,NaN,NaN,NaN,NaN,NaN,NaN,NaN,NaN,NaN,NaN,NaN,NaN,NaN,NaN,NaN,NaN,NaN,NaN,NaN,NaN,NaN,NaN,NaN,NaN,NaN,NaN,NaN,NaN,NaN,NaN,NaN,NaN,NaN,NaN,NaN,NaN,NaN,NaN,NaN,NaN,NaN,NaN,NaN,NaN,NaN,NaN,NaN,NaN,NaN,NaN,NaN,NaN,NaN,NaN,NaN,NaN,NaN,NaN,NaN,NaN,NaN,NaN,NaN,NaN,NaN,NaN,NaN,NaN,NaN,NaN,NaN,NaN,NaN,NaN,NaN,NaN,NaN,NaN,NaN,NaN,NaN,NaN,NaN,NaN,NaN,NaN,NaN,NaN,NaN,NaN,NaN,NaN,NaN,NaN,NaN,NaN,NaN,NaN,NaN,NaN,NaN,NaN,NaN,NaN,NaN,NaN,NaN,NaN,NaN,NaN,NaN,NaN,NaN,NaN,NaN,NaN,NaN,NaN,NaN,NaN,NaN,NaN,NaN,NaN,NaN,NaN,NaN,NaN,NaN,NaN,NaN,NaN,NaN,NaN,NaN,NaN,NaN,NaN,NaN,NaN,NaN,NaN,NaN,NaN,NaN,NaN,NaN,NaN,NaN,NaN,NaN,NaN,NaN,NaN,NaN,NaN,NaN,NaN,NaN,NaN,NaN,NaN,NaN,NaN,NaN,NaN,NaN,NaN,NaN,NaN,NaN,NaN,NaN,NaN,NaN,NaN,NaN,NaN,NaN,NaN,NaN,NaN,NaN,NaN,NaN,NaN,NaN,NaN,NaN,NaN,NaN,NaN,NaN,NaN,NaN,NaN,NaN,NaN,NaN,NaN,NaN,NaN,NaN,NaN,NaN,NaN,NaN,NaN,NaN,NaN,NaN,NaN,NaN,NaN,NaN,NaN,NaN,NaN,NaN,NaN,NaN,NaN,NaN,NaN,NaN,NaN,NaN,NaN,NaN,NaN,NaN,NaN,NaN,NaN,NaN,NaN,NaN,NaN,NaN,NaN,NaN,NaN,NaN,NaN,NaN,NaN,NaN,NaN,NaN,NaN,NaN,NaN,NaN,NaN,NaN,NaN,NaN,NaN,NaN,NaN,NaN,NaN,NaN,NaN,NaN,NaN,NaN,NaN,NaN,NaN,NaN,NaN,NaN,NaN,NaN,NaN,NaN,NaN,NaN,NaN,NaN,NaN,NaN,NaN,NaN,NaN,NaN,NaN,NaN,NaN,NaN,NaN,NaN,NaN,NaN,NaN,NaN,NaN,NaN,NaN,NaN,NaN,NaN,NaN,NaN,NaN,NaN,NaN,NaN,NaN,NaN,NaN,NaN,NaN,NaN,NaN,NaN,NaN,NaN,NaN,NaN,NaN,NaN,NaN,NaN,NaN,NaN,NaN,NaN,NaN,NaN,NaN,NaN,NaN,NaN,NaN,NaN,NaN,NaN,NaN,NaN,NaN,NaN,NaN,NaN,NaN,NaN,NaN,NaN,NaN,NaN,NaN,NaN,NaN,NaN,NaN,NaN,NaN,NaN,NaN,NaN,NaN,
SPECA,1342337390,1653289429.60,1653289531.60,33,NaN,NaN,NaN,NaN,NaN,NaN,NaN,NaN,NaN,NaN,NaN,NaN,NaN,NaN,NaN,NaN,NaN,NaN,NaN,NaN,NaN,NaN,NaN,NaN,NaN,NaN,NaN,NaN,NaN,NaN,NaN,NaN,NaN,NaN,NaN,NaN,444.745760,201.989850,187.877760,-75.416023,-53.119186,8.628170,0.000000,0.000000,0.000000,9.943978,4.872964,-0.956628,717.977420,370.153140,325.906560,-222.282750,-45.862724,33.759247,0.000000,0.000000,0.000000,-77.524940,32.106827,55.465996,1007.320700,900.223570,1128.300400,38.539955,51.132462,162.779530,0.000000,0.000000,0.000000,-201.775130,472.058560,464.393280,5239.891600,10063.498000,12864.269000,5789.271500,2037.885300,1204.535400,0.000000,0.000000,0.000000,836.081970,7277.888200,10299.983000,8378.294900,16648.324000,19723.219000,9496.796900,3428.865000,1198.834500,0.000000,0.000000,0.000000,2023.850600,11425.723000,17049.469000,3836.079300,6548.717800,7839.261200,3613.160600,1034.141600,886.032650,0.000000,0.000000,0.000000,-6.601899,4587.945800,6357.525900,1283.150600,2756.314000,3475.511000,832.005310,262.166560,113.821780,0.000000,0.000000,0.000000,46.526779,1520.127900,2494.717000,599.371520,1756.330900,1900.639000,429.112210,101.040390,66.711563,0.000000,0.000000,0.000000,2.282720,731.501400,1469.574200,328.303380,850.057980,847.184750,65.716599,13.166110,128.322630,0.000000,0.000000,0.000000,-32.037533,275.206510,534.083310,240.821960,828.411320,821.510860,-190.038700,6.823304,159.546540,0.000000,0.000000,0.000000,1.395595,37.331959,461.973110,508.699400,1179.411100,1638.171100,-597.852780,-110.255910,148.094960,0.000000,0.000000,0.000000,-80.236374,-387.682250,861.067020,515.447020,1000.810900,1337.745600,-525.041870,77.575439,-34.803131,0.000000,0.000000,0.000000,10.452442,-220.237340,595.272580,372.550540,614.768740,957.621220,-212.122910,102.421010,-84.149406,0.000000,0.000000,0.000000,54.261772,154.217770,365.711120,227.067570,504.027830,763.213680,-120.355480,2.548282,28.183556,0.000000,0.000000,0.000000,-37.436150,136.856670,323.766110,194.259930,506.694210,621.234380,-159.096710,18.583170,53.877831,0.000000,0.000000,0.000000,-8.206563,55.289436,283.929660,205.211360,627.467410,509.109950,-244.625750,14.069745,51.629086,0.000000,0.000000,0.000000,-13.161491,-27.649961,327.290590,199.894180,652.011900,527.147770,-252.561550,66.217651,22.004190,0.000000,0.000000,0.000000,55.487061,-43.514835,343.112980,273.759120,578.551450,893.408020,-235.592530,15.102169,60.988018,0.000000,0.000000,0.000000,10.169154,154.425190,230.913830,274.277800,656.650210,1046.274200,-264.517940,-45.638100,131.701750,0.000000,0.000000,0.000000,-52.797478,181.319990,240.590420,162.563870,523.954960,940.712710,-134.069120,-54.013279,136.442550,0.000000,0.000000,0.000000,-5.338715,68.316711,316.145200,192.930800,398.281490,633.812560,-164.767060,-0.572930,86.463425,0.000000,0.000000,0.000000,10.906699,10.696043,199.338610,163.088150,400.115200,496.805660,-164.266310,69.576225,37.148346,0.000000,0.000000,0.000000,37.855698,-38.447124,246.447430,149.315540,347.573730,439.635680,-155.862120,43.982590,22.373957,0.000000,0.000000,0.000000,4.427105,22.874184,103.000180,130.276280,285.184480,497.103420,-115.635730,77.225533,-38.993370,0.000000,0.000000,0.000000,-8.715993,26.308830,95.246109,153.623610,299.905330,603.694640,-123.653400,82.448502,-20.059011,0.000000,0.000000,0.000000,5.678304,22.470699,142.419200,188.749470,322.457120,508.745450,-158.819950,33.315483,48.602333,0.000000,0.000000,0.000000,48.174839,-5.737176,163.515700,172.894730,356.431340,515.079350,-188.865460,-61.117836,118.427380,0.000000,0.000000,0.000000,-0.094507,-63.120529,141.385360,135.303100,370.149440,574.129390,-161.269070,-49.768242,96.596794,0.000000,0.000000,0.000000,-18.928215,-43.605881,205.517320,112.683690,316.918790,470.208590,-116.703690,-28.527203,111.824960,0.000000,0.000000,0.000000,-0.357155,-34.157833,205.257250,66.888802,205.050350,375.581910,-65.127701,-18.404675,74.776939,0.000000,0.000000,0.000000,-16.030443,6.013628,118.407620,87.914391,236.251400,322.914550,-87.183556,13.113872,30.373665,0.000000,0.000000,0.000000,-20.835480,-17.198248,128.515720,79.295090,188.171540,367.523220,-66.792023,10.582925,71.355690,0.000000,0.000000,0.000000,-7.570190,1.493695,94.474274,79.307129,158.896090,372.063080,-72.326118,-14.545882,74.020668,0.000000,0.000000,0.000000,12.349899,-28.788401,88.209175,73.741959,127.529760,402.899840,-57.398293,2.227038,51.268116,0.000000,0.000000,0.000000,8.233528,-19.588839,80.956070,62.003571,145.728320,318.935150,-46.893482,1.016614,74.542778,0.000000,0.000000,0.000000,-4.160546,-2.593675,81.849442,64.315041,127.435840,209.523510,-46.418243,11.900721,23.406126,0.000000,0.000000,0.000000,-11.764298,13.197889,70.632965,49.170746,102.650730,246.969160,-32.167835,6.959685,29.090853,0.000000,0.000000,0.000000,5.697268,24.061426,61.738174,34.937016,89.247841,181.047420,-21.028593,-3.480175,36.693062,0.000000,0.000000,0.000000,0.633500,18.162828,46.409214,37.321651,78.053314,159.727780,-22.309776,-3.533892,43.737999,0.000000,0.000000,0.000000,2.045343,-1.132346,39.257645,31.300522,89.339531,194.230270,-23.934685,-13.439878,49.915451,0.000000,0.000000,0.000000,2.304192,-2.220271,49.384453,33.083538,84.529861,157.290570,-24.778090,-7.625029,26.489111,0.000000,0.000000,0.000000,4.335265,-5.149559,33.078217,39.783199,78.303696,139.942660,-23.610952,12.989546,19.488119,0.000000,0.000000,0.000000,1.374086,0.843779,44.787537,24.901922,57.441166,157.211520,-15.408354,9.233588,18.794172,0.000000,0.000000,0.000000,-0.684879,2.152370,36.599442,24.927958,45.942272,169.723570,-18.616863,3.470256,6.551744,0.000000,0.000000,0.000000,-5.406592,2.575015,30.631744,24.944160,44.485882,137.621900,-18.942663,-1.520707,16.639956,0.000000,0.000000,0.000000,-5.100701,1.705409,23.972668,25.333868,36.594120,104.391620,-7.845893,8.122965,23.402975,0.000000,0.000000,0.000000,1.275076,9.242250,17.639498,22.992319,47.926105,98.587494,-13.457385,-3.983485,36.782310,0.000000,0.000000,0.000000,-4.470989,4.984369,19.898119,22.914644,35.343334,87.293495,-15.026010,-11.430046,29.624018,0.000000,0.000000,0.000000,-3.573953,2.554933,14.005817,18.804701,33.117508,75.480896,-10.026548,-2.287558,15.100853,0.000000,0.000000,0.000000,0.928264,7.534260,14.493415,15.562532,28.082623,68.909248,-5.597184,6.890306,12.536799,0.000000,0.000000,0.000000,2.192440,7.684209,10.420156,17.126657,28.127222,66.582932,-6.898656,5.571940,12.023520,0.000000,0.000000,0.000000,0.334795,3.991841,4.190485,19.115717,22.278339,79.856041,-8.605100,6.496288,7.148165,0.000000,0.000000,0.000000,-3.978722,10.810879,6.581708,19.839502,23.509895,94.442284,-8.127727,7.394879,11.613611,0.000000,0.000000,0.000000,-4.037434,11.432607,6.020112,15.383211,27.904402,78.134781,-6.808801,6.324169,14.053649,0.000000,0.000000,0.000000,-4.620358,0.154777,6.297085,11.906280,24.738146,79.313911,-5.145004,5.361066,18.026236,0.000000,0.000000,0.000000,-4.928097,3.065054,9.648730,18.280464,31.583878,92.178650,-9.865405,2.956248,19.040262,0.000000,0.000000,0.000000,-1.625151,6.268347,13.747787,19.221849,31.525484,75.813583,-13.010349,4.018396,11.228916,0.000000,0.000000,0.000000,-0.978739,3.056921,6.926388,14.577682,23.369398,67.925674,-9.797021,4.588871,10.410679,0.000000,0.000000,0.000000,-2.181638,0.921688,8.056795,15.940084,26.835272,51.248165,-7.572971,3.990254,10.289468,0.000000,0.000000,0.000000,-1.403709,0.103096,5.186654,16.662579,21.624990,41.921467,-4.237486,5.516521,7.506312,0.000000,0.000000,0.000000,0.948563,4.522244,8.374234,17.123871,20.215364,47.107037,-5.548040,1.363077,7.177319,0.000000,0.000000,0.000000,-4.055224,6.086205,12.854524,12.300337,21.423912,47.547676,-6.826995,-5.484612,7.097612,0.000000,0.000000,0.000000,-4.664301,1.015923,12.359073,9.491427,20.364868,39.571091,-4.642242,-0.927661,9.401876,0.000000,0.000000,0.000000,-2.077902,2.496760,2.554686,10.022011,17.336327,36.296730,-3.743075,2.845996,5.195967,0.000000,0.000000,0.000000,-1.661607,4.734088,-0.497897,10.821861,23.068014,33.660870,-6.396431,2.174195,3.033592,0.000000,0.000000,0.000000,-2.205734,-0.057062,4.292849,13.231253,21.561417,38.182056,-8.294582,2.127093,6.320387,0.000000,0.000000,0.000000,-0.270617,-0.361861,4.209837,13.303628,17.968500,26.254070,-6.108575,3.717543,7.004140,0.000000,0.000000,0.000000,0.559891,-0.288155,-1.396146,13.023023,15.005137,28.791925,-3.217924,5.844915,3.673177,0.000000,0.000000,0.000000,-1.173352,-0.274981,-2.156879,15.843774,17.275259,36.766655,-6.311254,5.616955,1.986077,0.000000,0.000000,0.000000,-0.908573,2.667889,-0.490554,11.157809,22.433033,31.449488,-3.037260,1.525030,5.317349,0.000000,0.000000,0.000000,0.813664,4.719435,5.160105,8.875277,19.801498,28.997301,-1.714606,4.062074,5.432374,0.000000,0.000000,0.000000,-0.068317,2.761169,3.509320,8.814794,15.210377,23.198849,-2.032846,4.520617,5.065591,0.000000,0.000000,0.000000,-1.475056,1.988512,0.421057,10.042019,18.456589,15.722680,-3.733215,1.814394,3.066991,0.000000,0.000000,0.000000,-1.010805,0.943699,0.130122,9.318550,14.583245,14.639942,-5.213685,-0.921560,0.243243,0.000000,0.000000,0.000000,-0.729301,0.881355,0.092587,11.644177,12.101604,15.983990,-4.882493,0.847255,0.709323,0.000000,0.000000,0.000000,-1.694848,1.225697,0.226712,10.014971,11.435672,17.871843,-3.685539,1.006806,3.489871,0.000000,0.000000,0.000000,-1.892151,1.878901,0.667156,10.113274,13.145168,15.498625,-4.395824,2.029655,2.755744,0.000000,0.000000,0.000000,-0.686474,0.937440,-0.916203,9.063685,14.493775,15.626782,-3.637264,2.217571,3.380059,0.000000,0.000000,0.000000,-0.416975,2.613160,-1.600873,8.194229,12.977146,17.093864,-4.221590,1.884674,4.516727,0.000000,0.000000,0.000000,-1.013430,3.864377,-1.553251,NaN,NaN,NaN,NaN,NaN,NaN,NaN,NaN,NaN,NaN,NaN,NaN,NaN,NaN,NaN,NaN,NaN,NaN,NaN,NaN,NaN,NaN,NaN,NaN,NaN,NaN,NaN,NaN,NaN,NaN,NaN,NaN,NaN,NaN,NaN,NaN,NaN,NaN,NaN,NaN,NaN,NaN,NaN,NaN,NaN,NaN,NaN,NaN,NaN,NaN,NaN,NaN,NaN,NaN,NaN,NaN,NaN,NaN,NaN,NaN,NaN,NaN,NaN,NaN,NaN,NaN,NaN,NaN,NaN,NaN,NaN,NaN,NaN,NaN,NaN,NaN,NaN,NaN,NaN,NaN,NaN,NaN,NaN,NaN,NaN,NaN,NaN,NaN,NaN,NaN,NaN,NaN,NaN,NaN,NaN,NaN,NaN,NaN,NaN,NaN,NaN,NaN,NaN,NaN,NaN,NaN,NaN,NaN,NaN,NaN,NaN,NaN,NaN,NaN,NaN,NaN,NaN,NaN,NaN,NaN,NaN,NaN,NaN,NaN,NaN,NaN,NaN,NaN,NaN,NaN,NaN,NaN,NaN,NaN,NaN,NaN,NaN,NaN,NaN,NaN,NaN,NaN,NaN,NaN,NaN,NaN,NaN,NaN,NaN,NaN,NaN,NaN,NaN,NaN,NaN,NaN,NaN,NaN,NaN,NaN,NaN,NaN,NaN,NaN,NaN,NaN,NaN,NaN,NaN,NaN,NaN,NaN,NaN,NaN,NaN,NaN,NaN,NaN,NaN,NaN,NaN,NaN,NaN,NaN,NaN,NaN,NaN,NaN,NaN,NaN,NaN,NaN,NaN,NaN,NaN,NaN,NaN,NaN,NaN,NaN,NaN,NaN,NaN,NaN,NaN,NaN,NaN,NaN,NaN,NaN,NaN,NaN,NaN,NaN,NaN,NaN,NaN,NaN,NaN,NaN,NaN,NaN,NaN,NaN,NaN,NaN,NaN,NaN,NaN,NaN,NaN,NaN,NaN,NaN,NaN,NaN,NaN,NaN,NaN,NaN,NaN,NaN,NaN,NaN,NaN,NaN,NaN,NaN,NaN,NaN,NaN,NaN,NaN,NaN,NaN,NaN,NaN,NaN,NaN,NaN,NaN,NaN,NaN,NaN,NaN,NaN,NaN,NaN,NaN,NaN,NaN,NaN,NaN,NaN,NaN,NaN,NaN,NaN,NaN,NaN,NaN,NaN,NaN,NaN,NaN,NaN,NaN,NaN,NaN,NaN,NaN,NaN,NaN,NaN,NaN,NaN,NaN,NaN,NaN,NaN,NaN,NaN,NaN,NaN,NaN,NaN,NaN,NaN,NaN,NaN,NaN,NaN,NaN,NaN,NaN,NaN,NaN,NaN,NaN,NaN,NaN,NaN,NaN,NaN,NaN,NaN,NaN,NaN,NaN,NaN,NaN,NaN,NaN,NaN,NaN,NaN,NaN,NaN,NaN,NaN,NaN,NaN,NaN,NaN,NaN,NaN,NaN,NaN,NaN,NaN,NaN,NaN,NaN,NaN,NaN,NaN,NaN,NaN,NaN,NaN,NaN,NaN,NaN,NaN,NaN,NaN,NaN,NaN,NaN,NaN,NaN,NaN,NaN,NaN,NaN,NaN,NaN,NaN,NaN,NaN,NaN,NaN,NaN,NaN,NaN,NaN,NaN,NaN,NaN,NaN,NaN,NaN,NaN,NaN,NaN,NaN,NaN,NaN,NaN,NaN,NaN,NaN,NaN,NaN,NaN,NaN,NaN,NaN,NaN,NaN,NaN,NaN,NaN,NaN,NaN,NaN,NaN,NaN,NaN,NaN,NaN,NaN,NaN,NaN,NaN,NaN,NaN,NaN,NaN,NaN,NaN,NaN,NaN,NaN,NaN,NaN,NaN,NaN,NaN,NaN,NaN,NaN,NaN,NaN,NaN,NaN,NaN,NaN,NaN,NaN,NaN,NaN,NaN,NaN,NaN,NaN,NaN,NaN,NaN,NaN,NaN,NaN,NaN,NaN,NaN,NaN,NaN,NaN,NaN,NaN,NaN,NaN,NaN,NaN,NaN,NaN,NaN,NaN,NaN,NaN,NaN,NaN,NaN,NaN,NaN,NaN,NaN,NaN,NaN,NaN,NaN,NaN,NaN,NaN,NaN,NaN,NaN,NaN,NaN,NaN,NaN,NaN,NaN,NaN,NaN,NaN,NaN,NaN,NaN,NaN,NaN,NaN,NaN,NaN,NaN,NaN,NaN,NaN,NaN,NaN,NaN,NaN,NaN,NaN,NaN,NaN,NaN,NaN,NaN,NaN,NaN,NaN,NaN,NaN,NaN,NaN,NaN,NaN,NaN,NaN,NaN,NaN,NaN,NaN,NaN,NaN,NaN,NaN,NaN,NaN,NaN,NaN,
SPECA,1344135524,1653291229.60,1653291331.60,33,NaN,NaN,NaN,NaN,NaN,NaN,NaN,NaN,NaN,NaN,NaN,NaN,NaN,NaN,NaN,NaN,NaN,NaN,NaN,NaN,NaN,NaN,NaN,NaN,NaN,NaN,NaN,NaN,NaN,NaN,NaN,NaN,NaN,NaN,NaN,NaN,129.358750,69.959831,45.342968,-28.406757,-16.228073,-7.966796,0.000000,0.000000,0.000000,-5.801366,4.648565,6.504437,229.493160,145.771820,104.813190,-68.799461,-16.476563,-12.796093,0.000000,0.000000,0.000000,-28.595320,20.575384,21.930111,429.553130,562.775330,545.647400,-73.390808,-45.245861,6.603785,0.000000,0.000000,0.000000,45.394455,146.210370,313.878630,5681.581500,12459.563000,13746.135000,6621.041000,1573.762900,2902.654300,0.000000,0.000000,0.000000,-285.954130,7713.082500,12055.604000,8495.094700,20652.068000,22369.748000,10835.487000,2683.283700,3627.966100,0.000000,0.000000,0.000000,173.635350,12449.850000,19965.855000,2581.600100,9212.880900,8579.493200,2951.985100,953.103880,1675.382200,0.000000,0.000000,0.000000,214.530790,3622.655300,7823.866700,999.285340,3370.914600,2597.751700,626.882080,17.430281,690.025570,0.000000,0.000000,0.000000,-215.718190,1045.411600,2305.674100,673.502320,1251.261700,1422.201700,296.942630,21.650688,74.174347,0.000000,0.000000,0.000000,-37.050476,709.214230,931.969360,282.189510,698.126530,718.152710,90.626678,78.667259,-92.061760,0.000000,0.000000,0.000000,74.300034,265.381350,376.293670,308.330960,691.171450,655.189580,-172.372560,120.397540,-17.543228,0.000000,0.000000,0.000000,71.983162,32.769279,345.497280,583.655270,1417.647300,1313.788900,-664.829280,31.624004,-53.958523,0.000000,0.000000,0.000000,59.718708,-355.153590,800.949710,481.712650,1131.923300,1646.440800,-479.203640,-75.740356,143.795900,0.000000,0.000000,0.000000,11.857149,-249.660540,802.439150,243.858600,627.729250,1295.208100,-164.656890,3.574791,110.482770,0.000000,0.000000,0.000000,10.614506,31.282520,522.303530,249.447080,586.914980,966.872680,-251.131030,95.695000,-47.813808,0.000000,0.000000,0.000000,26.182169,-28.118919,386.934910,193.753050,473.514980,863.997010,-152.666260,23.261740,36.309681,0.000000,0.000000,0.000000,-21.871262,64.268990,322.810670,165.744450,503.958070,646.215210,-153.241760,-6.602762,116.752010,0.000000,0.000000,0.000000,-3.157267,62.571487,260.100620,172.603380,477.596440,750.141110,-143.340900,43.672771,13.711161,0.000000,0.000000,0.000000,37.629581,52.387398,281.047000,191.550840,478.029360,841.226010,-144.700270,-34.998947,60.823730,0.000000,0.000000,0.000000,18.644739,42.594700,328.038480,293.699950,620.171200,852.446960,-273.174710,-30.225000,184.551240,0.000000,0.000000,0.000000,2.936557,-11.073936,347.353940,224.318590,490.098540,587.382690,-180.993000,-18.062597,124.841870,0.000000,0.000000,0.000000,-6.896288,32.061016,149.822310,188.550160,388.352940,379.039370,-135.389880,1.695277,26.679375,0.000000,0.000000,0.000000,14.655685,-2.805451,177.045500,152.104350,316.342320,283.528200,-117.657550,2.719212,35.651321,0.000000,0.000000,0.000000,16.758312,-6.064318,128.563570,137.673050,298.506040,294.546690,-123.860300,1.010980,39.327980,0.000000,0.000000,0.000000,26.268148,-20.134930,96.901489,159.292680,323.599090,519.393860,-150.255860,-65.475983,113.486180,0.000000,0.000000,0.000000,-11.822997,-15.441842,144.416140,181.113720,366.802670,659.084960,-159.804000,-85.731766,128.026810,0.000000,0.000000,0.000000,-46.349609,-0.037704,177.637310,193.454760,370.089480,650.438600,-168.618790,-22.911207,59.218521,0.000000,0.000000,0.000000,-30.960209,-70.361450,260.609860,223.788860,402.165470,633.807560,-205.555160,33.168880,27.392918,0.000000,0.000000,0.000000,-25.340248,-110.046590,303.568940,157.957760,312.995000,472.746000,-134.220230,14.230719,20.707754,0.000000,0.000000,0.000000,-33.108414,-62.730339,208.015630,104.680390,221.982190,376.617920,-80.044571,-25.474691,57.298801,0.000000,0.000000,0.000000,-31.084244,-10.633592,117.736720,84.184624,187.249470,297.705170,-73.387596,-24.164909,65.962120,0.000000,0.000000,0.000000,-27.672781,-0.007333,107.856410,76.425705,204.144580,339.122470,-73.745544,1.402499,89.942680,0.000000,0.000000,0.000000,-11.143501,-1.854897,95.449699,80.867996,171.348480,317.394230,-70.462875,-40.144722,107.126390,0.000000,0.000000,0.000000,-25.310465,11.281776,73.387878,82.558960,169.991170,369.146450,-67.898010,-27.339081,94.550613,0.000000,0.000000,0.000000,-17.904039,25.630379,84.216385,64.148315,204.766040,396.235690,-59.917015,-1.405241,79.406845,0.000000,0.000000,0.000000,-14.590819,23.005510,136.001860,73.588142,202.125520,260.032870,-87.144447,-6.080321,54.326450,0.000000,0.000000,0.000000,-2.138052,-8.549605,90.196907,68.177353,141.682250,189.539570,-71.954742,-12.639658,35.029587,0.000000,0.000000,0.000000,-3.789715,-22.185999,52.158649,48.634193,124.641450,187.301410,-47.593838,-6.126563,38.518158,0.000000,0.000000,0.000000,-0.788068,-16.702148,38.516502,40.536880,98.104332,205.926710,-35.517521,1.755532,31.603607,0.000000,0.000000,0.000000,0.626063,-6.340962,49.976025,44.580688,93.015083,195.720790,-34.738819,-5.612522,55.863384,0.000000,0.000000,0.000000,-4.545337,12.729420,40.526672,45.851074,117.190320,193.925080,-42.883503,-10.927622,76.877441,0.000000,0.000000,0.000000,1.457284,-3.847285,61.294113,43.990269,76.369209,181.915410,-28.398399,4.499842,40.279755,0.000000,0.000000,0.000000,4.194045,-3.281834,51.842121,27.593174,54.235401,166.108980,-22.219944,-5.300258,12.508956,0.000000,0.000000,0.000000,-3.423680,1.927364,26.748100,28.798477,66.726341,124.557850,-22.201464,-4.600672,19.255838,0.000000,0.000000,0.000000,-3.464789,0.931221,31.911972,34.729744,82.969742,112.939770,-25.314589,-7.874566,17.146423,0.000000,0.000000,0.000000,-4.654197,-2.915417,47.807251,30.114100,65.970062,117.699340,-23.879768,-2.667407,22.191730,0.000000,0.000000,0.000000,-1.722943,-1.017363,34.209732,17.809874,49.250854,115.269200,-8.614876,6.217895,21.265352,0.000000,0.000000,0.000000,-0.578007,2.739111,25.579264,26.418600,48.060970,131.262710,-9.525775,16.733444,28.578777,0.000000,0.000000,0.000000,5.668776,12.749350,29.914858,18.334141,41.948032,96.900803,-12.544609,8.244353,23.303843,0.000000,0.000000,0.000000,3.364509,2.044732,24.240126,19.193424,42.914948,73.090256,-15.758183,2.613226,19.983538,0.000000,0.000000,0.000000,-1.215270,1.505381,18.158218,17.592703,34.368309,43.472630,-14.364857,-0.018323,9.019486,0.000000,0.000000,0.000000,-0.029055,-0.951165,11.607783,12.051794,40.080452,51.708279,-10.130248,0.590839,16.181885,0.000000,0.000000,0.000000,-0.041515,-1.417411,18.285862,15.970750,31.270023,63.697502,-8.883541,-3.499654,7.500145,0.000000,0.000000,0.000000,-4.417492,5.227299,18.204971,15.280080,24.763710,84.128517,-4.332714,5.818244,7.800751,0.000000,0.000000,0.000000,-2.500098,8.411468,12.892922,13.206735,24.181541,77.213043,-8.869664,2.191416,12.231121,0.000000,0.000000,0.000000,1.123286,-0.620419,9.717255,13.033380,28.494730,57.520439,-11.120246,-4.159561,16.697889,0.000000,0.000000,0.000000,0.211296,2.328850,5.227268,15.970001,28.907211,48.285542,-6.904249,4.214972,14.572453,0.000000,0.000000,0.000000,3.805885,-4.913912,12.230776,17.833593,31.473125,55.715500,-7.558965,6.063434,12.861009,0.000000,0.000000,0.000000,-4.351156,1.738641,9.337271,13.672813,28.683542,58.535801,-7.489982,4.254951,12.440969,0.000000,0.000000,0.000000,-3.473840,6.548977,0.450506,15.811223,22.147442,64.904243,-7.216913,-2.133713,15.232817,0.000000,0.000000,0.000000,-5.514748,5.680216,-1.010728,15.558866,21.531223,47.174084,-6.216397,-0.807238,14.280861,0.000000,0.000000,0.000000,-3.745213,2.419994,7.675517,14.701099,18.434542,35.359623,-5.521925,-1.777970,11.936712,0.000000,0.000000,0.000000,-5.296010,3.314528,3.381439,13.063872,18.052624,35.676655,-4.523414,-0.229143,12.618198,0.000000,0.000000,0.000000,-5.961996,7.481725,0.685974,15.403976,17.203562,32.327686,-5.961912,-1.691443,10.239697,0.000000,0.000000,0.000000,-4.124899,8.003878,-0.555398,15.607962,20.787180,27.796633,-10.000993,-7.039580,10.158627,0.000000,0.000000,0.000000,-0.958408,3.673223,-3.104833,15.158545,22.876778,30.693487,-9.752371,-4.156573,12.975480,0.000000,0.000000,0.000000,0.384984,2.951612,-4.458402,17.218086,21.086575,24.924591,-8.172877,2.056415,7.831332,0.000000,0.000000,0.000000,-1.638653,7.084714,-2.147687,16.492434,21.208288,21.838324,-10.157753,-3.063788,9.452236,0.000000,0.000000,0.000000,-3.749398,7.076552,0.596931,13.273430,21.306814,27.782803,-5.773456,-0.141399,12.357365,0.000000,0.000000,0.000000,-2.996224,3.072262,4.395292,16.254765,29.980619,32.107666,-8.689668,-1.512313,14.168691,0.000000,0.000000,0.000000,-2.934517,1.637226,3.967081,15.271941,28.657661,22.652731,-9.324424,-1.557179,10.674025,0.000000,0.000000,0.000000,-2.709023,1.097635,0.503343,11.524990,24.362551,23.054815,-5.997159,2.454918,5.235740,0.000000,0.000000,0.000000,-2.115004,0.340040,1.489699,12.630507,21.971975,27.619137,-5.486672,2.985528,6.630369,0.000000,0.000000,0.000000,-1.613155,3.633121,2.084363,11.843058,21.618673,20.282545,-5.714274,1.892329,2.704191,0.000000,0.000000,0.000000,-2.798235,1.826895,5.137245,10.823776,13.476701,21.717951,-4.375947,2.411899,3.991956,0.000000,0.000000,0.000000,-4.071755,3.792247,-1.774343,8.007118,14.514627,25.701561,-3.574916,2.421415,5.866343,0.000000,0.000000,0.000000,-1.341532,2.652296,0.035111,9.427861,17.546421,26.133226,-4.571861,2.262943,7.150544,0.000000,0.000000,0.000000,-1.071419,1.332854,1.722595,10.809955,17.914896,23.439381,-6.167755,1.365766,3.469277,0.000000,0.000000,0.000000,-1.772643,1.192945,1.144421,8.333582,11.159056,19.680487,-1.764071,1.489018,4.390345,0.000000,0.000000,0.000000,-0.526545,1.838658,1.306205,8.422112,12.193266,16.042301,-2.869209,1.059964,4.864260,0.000000,0.000000,0.000000,-0.579533,0.960974,3.874904,NaN,NaN,NaN,NaN,NaN,NaN,NaN,NaN,NaN,NaN,NaN,NaN,NaN,NaN,NaN,NaN,NaN,NaN,NaN,NaN,NaN,NaN,NaN,NaN,NaN,NaN,NaN,NaN,NaN,NaN,NaN,NaN,NaN,NaN,NaN,NaN,NaN,NaN,NaN,NaN,NaN,NaN,NaN,NaN,NaN,NaN,NaN,NaN,NaN,NaN,NaN,NaN,NaN,NaN,NaN,NaN,NaN,NaN,NaN,NaN,NaN,NaN,NaN,NaN,NaN,NaN,NaN,NaN,NaN,NaN,NaN,NaN,NaN,NaN,NaN,NaN,NaN,NaN,NaN,NaN,NaN,NaN,NaN,NaN,NaN,NaN,NaN,NaN,NaN,NaN,NaN,NaN,NaN,NaN,NaN,NaN,NaN,NaN,NaN,NaN,NaN,NaN,NaN,NaN,NaN,NaN,NaN,NaN,NaN,NaN,NaN,NaN,NaN,NaN,NaN,NaN,NaN,NaN,NaN,NaN,NaN,NaN,NaN,NaN,NaN,NaN,NaN,NaN,NaN,NaN,NaN,NaN,NaN,NaN,NaN,NaN,NaN,NaN,NaN,NaN,NaN,NaN,NaN,NaN,NaN,NaN,NaN,NaN,NaN,NaN,NaN,NaN,NaN,NaN,NaN,NaN,NaN,NaN,NaN,NaN,NaN,NaN,NaN,NaN,NaN,NaN,NaN,NaN,NaN,NaN,NaN,NaN,NaN,NaN,NaN,NaN,NaN,NaN,NaN,NaN,NaN,NaN,NaN,NaN,NaN,NaN,NaN,NaN,NaN,NaN,NaN,NaN,NaN,NaN,NaN,NaN,NaN,NaN,NaN,NaN,NaN,NaN,NaN,NaN,NaN,NaN,NaN,NaN,NaN,NaN,NaN,NaN,NaN,NaN,NaN,NaN,NaN,NaN,NaN,NaN,NaN,NaN,NaN,NaN,NaN,NaN,NaN,NaN,NaN,NaN,NaN,NaN,NaN,NaN,NaN,NaN,NaN,NaN,NaN,NaN,NaN,NaN,NaN,NaN,NaN,NaN,NaN,NaN,NaN,NaN,NaN,NaN,NaN,NaN,NaN,NaN,NaN,NaN,NaN,NaN,NaN,NaN,NaN,NaN,NaN,NaN,NaN,NaN,NaN,NaN,NaN,NaN,NaN,NaN,NaN,NaN,NaN,NaN,NaN,NaN,NaN,NaN,NaN,NaN,NaN,NaN,NaN,NaN,NaN,NaN,NaN,NaN,NaN,NaN,NaN,NaN,NaN,NaN,NaN,NaN,NaN,NaN,NaN,NaN,NaN,NaN,NaN,NaN,NaN,NaN,NaN,NaN,NaN,NaN,NaN,NaN,NaN,NaN,NaN,NaN,NaN,NaN,NaN,NaN,NaN,NaN,NaN,NaN,NaN,NaN,NaN,NaN,NaN,NaN,NaN,NaN,NaN,NaN,NaN,NaN,NaN,NaN,NaN,NaN,NaN,NaN,NaN,NaN,NaN,NaN,NaN,NaN,NaN,NaN,NaN,NaN,NaN,NaN,NaN,NaN,NaN,NaN,NaN,NaN,NaN,NaN,NaN,NaN,NaN,NaN,NaN,NaN,NaN,NaN,NaN,NaN,NaN,NaN,NaN,NaN,NaN,NaN,NaN,NaN,NaN,NaN,NaN,NaN,NaN,NaN,NaN,NaN,NaN,NaN,NaN,NaN,NaN,NaN,NaN,NaN,NaN,NaN,NaN,NaN,NaN,NaN,NaN,NaN,NaN,NaN,NaN,NaN,NaN,NaN,NaN,NaN,NaN,NaN,NaN,NaN,NaN,NaN,NaN,NaN,NaN,NaN,NaN,NaN,NaN,NaN,NaN,NaN,NaN,NaN,NaN,NaN,NaN,NaN,NaN,NaN,NaN,NaN,NaN,NaN,NaN,NaN,NaN,NaN,NaN,NaN,NaN,NaN,NaN,NaN,NaN,NaN,NaN,NaN,NaN,NaN,NaN,NaN,NaN,NaN,NaN,NaN,NaN,NaN,NaN,NaN,NaN,NaN,NaN,NaN,NaN,NaN,NaN,NaN,NaN,NaN,NaN,NaN,NaN,NaN,NaN,NaN,NaN,NaN,NaN,NaN,NaN,NaN,NaN,NaN,NaN,NaN,NaN,NaN,NaN,NaN,NaN,NaN,NaN,NaN,NaN,NaN,NaN,NaN,NaN,NaN,NaN,NaN,NaN,NaN,NaN,NaN,NaN,NaN,NaN,NaN,NaN,NaN,NaN,NaN,NaN,NaN,NaN,NaN,NaN,NaN,NaN,NaN,NaN,NaN,NaN,NaN,NaN,NaN,NaN,NaN,NaN,NaN,NaN,NaN,NaN,NaN,NaN,NaN,NaN,NaN,NaN,NaN,
SPECA,1345933656,1653293029.60,1653293131.60,33,NaN,NaN,NaN,NaN,NaN,NaN,NaN,NaN,NaN,NaN,NaN,NaN,NaN,NaN,NaN,NaN,NaN,NaN,NaN,NaN,NaN,NaN,NaN,NaN,NaN,NaN,NaN,NaN,NaN,NaN,NaN,NaN,NaN,NaN,NaN,NaN,513.836240,430.050050,111.735030,-191.425770,-3.925803,-12.277169,0.000000,0.000000,0.000000,-10.691540,29.454123,-54.392700,632.062380,569.282100,119.139990,-294.452240,-26.327574,-34.597176,0.000000,0.000000,0.000000,64.262497,50.800213,-18.505011,1135.135700,1112.983300,631.051880,-319.190120,54.872776,-22.314854,0.000000,0.000000,0.000000,137.206210,380.161900,208.153120,4477.763200,7822.971200,9016.518600,3679.706500,544.704280,800.073120,0.000000,0.000000,0.000000,-34.555939,5411.587900,7197.675800,7721.425800,15474.565000,19449.355000,8207.889600,1866.789100,2183.733200,0.000000,0.000000,0.000000,170.155150,10786.215000,16036.732000,3962.273200,8291.470700,11633.257000,4499.147000,1294.781000,1481.368700,0.000000,0.000000,0.000000,316.490660,5957.969700,9092.515600,1343.242200,3974.329600,4500.173800,1362.083700,302.160220,468.006870,0.000000,0.000000,0.000000,210.753490,1898.209600,3798.906500,444.821900,1502.863800,1662.715600,326.557310,-48.412777,203.816790,0.000000,0.000000,0.000000,24.689369,565.491030,1294.545900,250.352830,663.968020,785.449460,-3.716086,-28.805981,102.723490,0.000000,0.000000,0.000000,58.456615,267.768340,306.830660,207.799740,607.527590,746.247250,-79.630432,-40.715252,60.737560,0.000000,0.000000,0.000000,-14.432506,131.792830,298.768890,286.798070,743.296510,1043.769900,-241.957240,-64.969398,124.084500,0.000000,0.000000,0.000000,-43.540405,-53.898270,580.182740,411.076080,803.133480,1127.799700,-322.767360,51.829292,47.552444,0.000000,0.000000,0.000000,78.332565,-42.793285,569.550050,368.748470,473.276280,796.940550,-284.273320,-5.265409,107.926450,0.000000,0.000000,0.000000,-39.280121,118.256550,127.219310,357.306460,559.192200,833.882140,-302.945920,-26.911821,134.000000,0.000000,0.000000,0.000000,-72.742157,144.132370,149.844860,238.329640,705.741030,919.319820,-265.705260,-29.100601,29.262388,0.000000,0.000000,0.000000,-4.035668,29.741650,374.980930,245.880110,606.264770,941.062010,-242.191710,-27.890812,79.645058,0.000000,0.000000,0.000000,-16.743778,98.727791,322.962130,301.622920,592.241090,987.724000,-266.527800,-21.841772,198.283480,0.000000,0.000000,0.000000,-65.169769,196.003710,197.204990,240.357120,526.839540,886.911320,-213.651170,-62.268150,145.098110,0.000000,0.000000,0.000000,-57.190010,170.279370,179.009030,208.287030,531.445740,756.678100,-221.547390,-97.061165,155.483900,0.000000,0.000000,0.000000,-50.780716,53.172729,244.070130,234.115050,622.845150,617.199040,-287.266570,-128.387390,198.042310,0.000000,0.000000,0.000000,18.510283,-35.937115,261.664490,242.489010,480.344510,551.646480,-244.532180,-75.936249,168.712480,0.000000,0.000000,0.000000,14.445099,-36.730766,197.555730,158.802000,396.231960,495.985350,-166.683650,40.286957,-2.274935,0.000000,0.000000,0.000000,8.927357,6.781995,146.708450,101.038510,349.572570,460.111210,-129.568570,49.006985,0.588075,0.000000,0.000000,0.000000,27.630022,16.345743,110.513530,106.013010,250.152710,592.119380,-84.083412,63.044445,28.072956,0.000000,0.000000,0.000000,24.672142,37.478394,149.424500,115.235020,220.402110,490.164060,-59.624023,37.130844,51.889168,0.000000,0.000000,0.000000,5.701501,72.238670,99.785072,110.176280,262.778720,512.654970,-80.842323,-13.007879,39.441975,0.000000,0.000000,0.000000,-4.022315,59.301750,101.321850,99.616371,255.426850,639.912780,-86.369576,-14.660509,85.601128,0.000000,0.000000,0.000000,-10.120700,27.965969,128.059080,99.886452,242.369800,555.070560,-74.962860,-30.723173,124.881230,0.000000,0.000000,0.000000,-3.422842,35.429615,118.284520,123.153520,228.713870,434.904820,-107.126590,-35.656845,61.955479,0.000000,0.000000,0.000000,4.433195,1.772779,100.981100,111.389630,226.271380,349.906680,-97.076698,-14.104283,40.279011,0.000000,0.000000,0.000000,-2.803375,3.029161,93.248444,115.298330,327.315370,380.905090,-122.299240,-5.686499,68.809807,0.000000,0.000000,0.000000,11.362069,-5.883533,163.830340,98.320435,207.177460,329.413330,-88.946014,18.148327,1.238833,0.000000,0.000000,0.000000,18.566254,-3.331771,131.579210,107.563830,190.272890,344.348970,-95.084999,8.087746,21.505415,0.000000,0.000000,0.000000,-4.707386,2.501160,118.689870,80.235214,104.865700,224.024230,-59.358608,8.094461,9.349066,0.000000,0.000000,0.000000,0.165639,4.272332,27.765377,61.559837,136.125320,187.049930,-54.895588,7.498286,10.034573,0.000000,0.000000,0.000000,1.051565,-8.887463,44.516979,55.617657,200.844450,227.809160,-62.520012,0.886088,28.638937,0.000000,0.000000,0.000000,0.734915,-10.366927,109.683010,48.266689,177.143340,153.089020,-54.187630,-6.804481,23.815029,0.000000,0.000000,0.000000,4.260172,-16.528269,89.091415,41.751892,94.945007,142.508390,-32.983566,0.075359,9.638190,0.000000,0.000000,0.000000,0.325058,5.182870,38.206627,38.072521,79.146225,215.257900,-26.743044,2.971915,32.490417,0.000000,0.000000,0.000000,-5.391686,7.842468,40.687866,32.775066,78.958199,195.242020,-18.105688,0.151815,26.383015,0.000000,0.000000,0.000000,-9.545033,6.647296,64.915306,38.475838,92.951988,146.343900,-27.681709,10.678495,16.990423,0.000000,0.000000,0.000000,0.195008,-11.931882,72.327179,26.505928,61.914215,120.648620,-17.176273,10.300760,25.236404,0.000000,0.000000,0.000000,-1.622994,6.429194,13.130369,26.670324,61.955917,157.343370,-21.885559,-5.040250,35.827042,0.000000,0.000000,0.000000,-2.946536,2.119991,30.083179,30.828310,63.081791,118.215830,-25.890305,-2.209807,23.951231,0.000000,0.000000,0.000000,-4.553331,0.012096,18.676947,40.005432,73.981422,129.820630,-31.478722,11.468472,24.122705,0.000000,0.000000,0.000000,-1.729308,-5.135090,27.562353,27.582092,55.141178,126.380480,-19.843609,11.172119,18.200596,0.000000,0.000000,0.000000,-2.710711,-2.709331,36.533379,15.901346,55.977749,112.098560,-16.362514,4.032939,20.492399,0.000000,0.000000,0.000000,5.127085,-8.481235,45.197758,22.236675,47.176834,70.294418,-22.083752,-0.452948,15.854793,0.000000,0.000000,0.000000,-2.023422,2.252747,12.762776,23.303164,34.951252,79.823090,-19.124815,0.581460,12.585626,0.000000,0.000000,0.000000,-5.389289,8.962966,10.654343,20.140644,39.396339,113.616460,-18.166006,-3.309053,24.849667,0.000000,0.000000,0.000000,-6.889111,5.311079,19.546253,17.511253,37.581295,116.476300,-12.799973,-2.049808,26.438501,0.000000,0.000000,0.000000,-4.893600,4.413951,19.037786,14.996290,40.530037,96.189201,-12.679496,-5.147178,25.009745,0.000000,0.000000,0.000000,-2.197115,6.261796,12.143846,16.314871,31.455042,70.198471,-11.065582,2.691601,14.703723,0.000000,0.000000,0.000000,-6.605134,10.607328,-3.687194,14.698964,29.454714,56.097652,-8.992750,3.005460,16.494064,0.000000,0.000000,0.000000,-6.430560,9.644054,0.152236,13.326472,25.353657,66.880287,-8.134911,2.460678,15.266216,0.000000,0.000000,0.000000,-3.704197,6.041828,4.547510,13.201089,19.526119,68.734451,-7.004024,1.460162,11.740467,0.000000,0.000000,0.000000,-0.729423,4.486886,5.552909,12.277353,18.403856,42.650238,-6.428606,2.473669,5.181299,0.000000,0.000000,0.000000,-0.813569,3.941151,0.529285,10.426768,20.514479,37.589363,-7.184683,0.441339,0.232717,0.000000,0.000000,0.000000,-0.346376,3.347245,-2.458781,13.394779,21.884129,52.146614,-6.381814,3.999966,8.921306,0.000000,0.000000,0.000000,0.601339,3.824816,3.545624,15.222404,20.698904,49.550945,-3.644637,8.258950,12.851353,0.000000,0.000000,0.000000,-2.638636,4.100689,4.605489,13.477690,23.857761,40.630085,-7.707628,4.234399,8.056569,0.000000,0.000000,0.000000,0.025787,4.141458,6.344272,10.377356,21.902836,29.105335,-7.294981,0.837380,6.287997,0.000000,0.000000,0.000000,-0.185246,-0.297846,5.170728,14.966273,23.896166,36.622181,-7.174326,1.585237,5.949724,0.000000,0.000000,0.000000,-1.674492,2.397840,7.735158,14.094377,19.269361,33.793568,-6.740257,1.434537,3.751174,0.000000,0.000000,0.000000,-0.498665,2.434342,6.337484,15.086549,19.517233,23.813192,-8.706562,-0.192804,3.167341,0.000000,0.000000,0.000000,0.394509,1.214541,-0.157603,14.852734,26.460989,26.524956,-9.789217,-2.655819,9.141395,0.000000,0.000000,0.000000,-1.218247,1.195084,2.831441,13.132122,24.171795,32.093674,-8.020310,0.324278,8.476942,0.000000,0.000000,0.000000,-3.169676,1.130280,4.808137,12.241539,22.096169,23.788876,-4.091464,-0.498285,6.658064,0.000000,0.000000,0.000000,-2.114342,1.249668,6.296649,13.372366,19.721378,23.688427,-5.638551,2.540772,5.615603,0.000000,0.000000,0.000000,-3.319628,-0.969895,4.014373,13.555127,24.191700,33.344936,-8.189894,0.924139,5.009646,0.000000,0.000000,0.000000,-5.862028,1.571496,1.421020,11.676573,25.664244,26.033375,-8.293653,3.819524,4.067146,0.000000,0.000000,0.000000,-3.902729,-1.604347,2.814972,10.553576,20.326393,23.893555,-3.936615,0.632261,4.454237,0.000000,0.000000,0.000000,-0.051409,-1.141793,1.299697,11.354635,14.822791,20.743719,-5.216109,2.717967,1.027277,0.000000,0.000000,0.000000,-0.279484,4.086834,-3.047436,12.309747,17.304983,15.435712,-6.038609,1.330982,1.266527,0.000000,0.000000,0.000000,-3.126078,5.208693,-3.007717,10.647837,20.415335,18.008492,-6.230866,0.052506,3.819206,0.000000,0.000000,0.000000,-3.231543,2.983840,-2.047658,10.657907,18.514002,17.066236,-5.505675,0.143702,4.078347,0.000000,0.000000,0.000000,-2.891730,1.056145,1.516378,10.031969,16.552832,12.248444,-4.121471,0.197628,1.662207,0.000000,0.000000,0.000000,-2.555838,0.656600,3.442596,7.636245,15.164281,14.811250,-1.756533,2.985228,0.405852,0.000000,0.000000,0.000000,-2.307466,1.336268,2.667812,5.548393,14.046847,11.682874,-1.414426,1.218840,1.389610,0.000000,0.000000,0.000000,-1.543393,0.640265,3.130550,NaN,NaN,NaN,NaN,NaN,NaN,NaN,NaN,NaN,NaN,NaN,NaN,NaN,NaN,NaN,NaN,NaN,NaN,NaN,NaN,NaN,NaN,NaN,NaN,NaN,NaN,NaN,NaN,NaN,NaN,NaN,NaN,NaN,NaN,NaN,NaN,NaN,NaN,NaN,NaN,NaN,NaN,NaN,NaN,NaN,NaN,NaN,NaN,NaN,NaN,NaN,NaN,NaN,NaN,NaN,NaN,NaN,NaN,NaN,NaN,NaN,NaN,NaN,NaN,NaN,NaN,NaN,NaN,NaN,NaN,NaN,NaN,NaN,NaN,NaN,NaN,NaN,NaN,NaN,NaN,NaN,NaN,NaN,NaN,NaN,NaN,NaN,NaN,NaN,NaN,NaN,NaN,NaN,NaN,NaN,NaN,NaN,NaN,NaN,NaN,NaN,NaN,NaN,NaN,NaN,NaN,NaN,NaN,NaN,NaN,NaN,NaN,NaN,NaN,NaN,NaN,NaN,NaN,NaN,NaN,NaN,NaN,NaN,NaN,NaN,NaN,NaN,NaN,NaN,NaN,NaN,NaN,NaN,NaN,NaN,NaN,NaN,NaN,NaN,NaN,NaN,NaN,NaN,NaN,NaN,NaN,NaN,NaN,NaN,NaN,NaN,NaN,NaN,NaN,NaN,NaN,NaN,NaN,NaN,NaN,NaN,NaN,NaN,NaN,NaN,NaN,NaN,NaN,NaN,NaN,NaN,NaN,NaN,NaN,NaN,NaN,NaN,NaN,NaN,NaN,NaN,NaN,NaN,NaN,NaN,NaN,NaN,NaN,NaN,NaN,NaN,NaN,NaN,NaN,NaN,NaN,NaN,NaN,NaN,NaN,NaN,NaN,NaN,NaN,NaN,NaN,NaN,NaN,NaN,NaN,NaN,NaN,NaN,NaN,NaN,NaN,NaN,NaN,NaN,NaN,NaN,NaN,NaN,NaN,NaN,NaN,NaN,NaN,NaN,NaN,NaN,NaN,NaN,NaN,NaN,NaN,NaN,NaN,NaN,NaN,NaN,NaN,NaN,NaN,NaN,NaN,NaN,NaN,NaN,NaN,NaN,NaN,NaN,NaN,NaN,NaN,NaN,NaN,NaN,NaN,NaN,NaN,NaN,NaN,NaN,NaN,NaN,NaN,NaN,NaN,NaN,NaN,NaN,NaN,NaN,NaN,NaN,NaN,NaN,NaN,NaN,NaN,NaN,NaN,NaN,NaN,NaN,NaN,NaN,NaN,NaN,NaN,NaN,NaN,NaN,NaN,NaN,NaN,NaN,NaN,NaN,NaN,NaN,NaN,NaN,NaN,NaN,NaN,NaN,NaN,NaN,NaN,NaN,NaN,NaN,NaN,NaN,NaN,NaN,NaN,NaN,NaN,NaN,NaN,NaN,NaN,NaN,NaN,NaN,NaN,NaN,NaN,NaN,NaN,NaN,NaN,NaN,NaN,NaN,NaN,NaN,NaN,NaN,NaN,NaN,NaN,NaN,NaN,NaN,NaN,NaN,NaN,NaN,NaN,NaN,NaN,NaN,NaN,NaN,NaN,NaN,NaN,NaN,NaN,NaN,NaN,NaN,NaN,NaN,NaN,NaN,NaN,NaN,NaN,NaN,NaN,NaN,NaN,NaN,NaN,NaN,NaN,NaN,NaN,NaN,NaN,NaN,NaN,NaN,NaN,NaN,NaN,NaN,NaN,NaN,NaN,NaN,NaN,NaN,NaN,NaN,NaN,NaN,NaN,NaN,NaN,NaN,NaN,NaN,NaN,NaN,NaN,NaN,NaN,NaN,NaN,NaN,NaN,NaN,NaN,NaN,NaN,NaN,NaN,NaN,NaN,NaN,NaN,NaN,NaN,NaN,NaN,NaN,NaN,NaN,NaN,NaN,NaN,NaN,NaN,NaN,NaN,NaN,NaN,NaN,NaN,NaN,NaN,NaN,NaN,NaN,NaN,NaN,NaN,NaN,NaN,NaN,NaN,NaN,NaN,NaN,NaN,NaN,NaN,NaN,NaN,NaN,NaN,NaN,NaN,NaN,NaN,NaN,NaN,NaN,NaN,NaN,NaN,NaN,NaN,NaN,NaN,NaN,NaN,NaN,NaN,NaN,NaN,NaN,NaN,NaN,NaN,NaN,NaN,NaN,NaN,NaN,NaN,NaN,NaN,NaN,NaN,NaN,NaN,NaN,NaN,NaN,NaN,NaN,NaN,NaN,NaN,NaN,NaN,NaN,NaN,NaN,NaN,NaN,NaN,NaN,NaN,NaN,NaN,NaN,NaN,NaN,NaN,NaN,NaN,NaN,NaN,NaN,NaN,NaN,NaN,NaN,NaN,NaN,NaN,NaN,NaN,NaN,NaN,NaN,NaN,NaN,NaN,NaN,NaN,NaN,NaN,
SPECA,1347731828,1653294829.60,1653294931.60,33,NaN,NaN,NaN,NaN,NaN,NaN,NaN,NaN,NaN,NaN,NaN,NaN,NaN,NaN,NaN,NaN,NaN,NaN,NaN,NaN,NaN,NaN,NaN,NaN,NaN,NaN,NaN,NaN,NaN,NaN,NaN,NaN,NaN,NaN,NaN,NaN,113.234430,231.157120,44.235237,-59.598370,8.147402,-1.572921,0.000000,0.000000,0.000000,-14.904702,-0.420884,-8.959985,173.847370,380.391570,123.448910,-79.995026,35.980362,9.615417,0.000000,0.000000,0.000000,0.137449,9.720101,0.908917,555.033510,726.105900,628.738100,195.505050,35.811150,16.414856,0.000000,0.000000,0.000000,-57.787849,345.261810,263.652190,6089.188000,10952.203000,13892.537000,6707.515600,1535.140600,1774.903400,0.000000,0.000000,0.000000,157.664430,8530.736300,11257.533000,10390.632000,17027.059000,23042.857000,11026.928000,3477.735400,3176.545700,0.000000,0.000000,0.000000,656.521060,14320.160000,18239.869000,4963.163600,6689.581100,10168.379000,4217.896500,1832.869300,1530.061600,0.000000,0.000000,0.000000,402.195070,6138.045400,7172.698700,1596.240600,3003.043000,3376.221700,889.844420,517.494690,318.943480,0.000000,0.000000,0.000000,279.228210,1619.726600,2552.566900,553.465030,1708.008900,1439.643300,167.376360,46.159199,43.353271,0.000000,0.000000,0.000000,43.909435,517.848750,1192.084000,260.762700,785.453800,649.463200,-91.967621,-36.389458,28.072792,0.000000,0.000000,0.000000,-2.966439,166.053680,353.116490,338.113830,825.198970,732.246830,-264.987550,49.107891,-6.274080,0.000000,0.000000,0.000000,81.482193,81.860573,367.477450,461.043060,754.579650,1175.542100,-292.591640,-16.444710,-61.795956,0.000000,0.000000,0.000000,113.311730,25.687815,432.562740,437.164000,702.979190,1258.992400,-277.770690,-77.972557,118.391820,0.000000,0.000000,0.000000,9.778727,-28.948774,415.611540,279.118900,559.280330,870.924680,-134.569950,52.973591,-7.370880,0.000000,0.000000,0.000000,9.791150,132.402360,216.017850,243.367400,636.344850,882.469060,-205.906280,47.237019,-5.961923,0.000000,0.000000,0.000000,12.851757,-6.466681,361.759670,278.491090,636.974550,710.550720,-272.044620,-0.543148,-42.403656,0.000000,0.000000,0.000000,6.777948,35.312008,320.293210,254.825900,624.735230,831.525210,-244.959490,19.876785,11.532055,0.000000,0.000000,0.000000,-7.059935,53.401855,323.712430,289.493680,489.461880,952.468200,-202.806670,35.111668,136.038440,0.000000,0.000000,0.000000,-46.069778,138.037550,265.628880,311.782410,502.575230,655.215880,-247.417540,63.057545,101.838950,0.000000,0.000000,0.000000,-45.349594,138.704590,100.683410,226.820530,402.916960,732.366580,-167.211000,5.508550,130.831070,0.000000,0.000000,0.000000,-44.237614,144.875290,35.185692,145.411610,315.498930,934.396240,-85.209106,1.656090,162.446300,0.000000,0.000000,0.000000,-19.176054,52.185650,148.629940,185.046370,527.664490,832.821350,-203.257710,-28.935951,96.142075,0.000000,0.000000,0.000000,-18.721136,-48.318844,283.547790,177.916610,422.530120,596.201480,-152.858730,-59.491161,58.741726,0.000000,0.000000,0.000000,-18.353045,6.405616,192.704770,151.848940,349.683200,309.710240,-131.016620,-68.339531,68.009178,0.000000,0.000000,0.000000,-57.373920,15.432176,116.222150,134.140670,332.805790,400.122280,-129.520970,6.736308,86.964813,0.000000,0.000000,0.000000,-9.896982,-22.742075,174.976270,191.288790,391.333650,766.808110,-192.385530,32.575111,90.897636,0.000000,0.000000,0.000000,7.311739,-50.557533,222.027800,194.668930,343.451630,828.131530,-178.412750,80.540550,21.730232,0.000000,0.000000,0.000000,-12.997281,-48.762932,195.326160,160.799070,273.762540,574.326600,-110.788070,-11.317243,101.654310,0.000000,0.000000,0.000000,-16.736923,44.174160,104.857470,121.265150,316.875490,440.376070,-108.425660,-44.413116,81.246147,0.000000,0.000000,0.000000,-11.773494,-4.103460,147.042270,114.484890,229.810010,427.778260,-91.159058,40.119148,14.202211,0.000000,0.000000,0.000000,25.884239,4.370989,113.240920,145.330220,216.238510,402.050900,-98.270050,8.402704,40.049225,0.000000,0.000000,0.000000,-17.251308,48.725227,90.407471,125.497600,202.018840,309.863530,-99.886139,17.797462,44.489853,0.000000,0.000000,0.000000,-26.596256,55.578377,21.390203,98.680550,274.429840,417.646820,-96.180565,9.638773,68.496521,0.000000,0.000000,0.000000,-0.857207,6.827957,89.663155,125.806240,321.806300,429.074800,-123.929660,-4.778325,128.392820,0.000000,0.000000,0.000000,9.952081,-31.128197,122.411380,89.665840,148.492740,291.809880,-70.008965,14.998898,29.202934,0.000000,0.000000,0.000000,9.435914,-12.000649,81.443108,85.929733,112.002920,223.928330,-61.270760,7.273189,17.236189,0.000000,0.000000,0.000000,14.619840,18.459232,23.065458,63.149033,115.526190,239.887410,-44.419239,16.084808,29.282909,0.000000,0.000000,0.000000,6.685165,41.509735,22.048763,58.032776,143.055160,247.930790,-53.938473,6.045587,18.782454,0.000000,0.000000,0.000000,8.283531,9.905891,63.060165,60.637230,119.701880,228.746990,-54.585953,-22.159275,31.710350,0.000000,0.000000,0.000000,-11.608638,16.055166,39.795319,47.968891,72.805115,194.365600,-33.114857,-22.439793,37.120796,0.000000,0.000000,0.000000,-10.768839,19.705538,14.042837,54.583370,84.967857,150.128010,-41.693954,-12.879450,32.249077,0.000000,0.000000,0.000000,-1.662136,3.908989,33.016068,28.674053,74.573753,133.054340,-25.099129,2.934376,25.537298,0.000000,0.000000,0.000000,4.339170,3.857155,18.045124,20.481895,57.577785,126.615590,-15.121778,4.155249,12.397861,0.000000,0.000000,0.000000,1.208420,3.591985,30.541590,29.517565,80.715927,117.876600,-25.345161,4.299746,20.785305,0.000000,0.000000,0.000000,-2.562910,7.008101,27.445923,22.355537,68.421356,127.150610,-16.867308,7.343439,19.036346,0.000000,0.000000,0.000000,1.814710,8.389664,28.885410,25.195608,58.430492,116.534020,-20.766430,3.208286,13.439036,0.000000,0.000000,0.000000,4.964189,1.569823,25.150185,25.527452,42.483528,120.389600,-17.347055,-1.220988,24.451380,0.000000,0.000000,0.000000,-2.313496,4.511380,18.617319,21.790825,44.672897,128.422350,-14.800140,3.398366,21.482870,0.000000,0.000000,0.000000,-5.748520,14.241978,0.983197,24.045458,53.217522,111.361250,-21.675999,7.861697,12.521842,0.000000,0.000000,0.000000,-3.729808,7.918979,12.034419,23.749014,48.144806,112.507510,-13.704288,13.654013,14.754705,0.000000,0.000000,0.000000,2.376748,6.465565,23.211670,24.038048,39.104668,117.365530,-11.233293,14.014677,14.564278,0.000000,0.000000,0.000000,5.768391,9.138014,9.781286,18.274336,38.344475,79.774696,-10.718248,4.419735,18.954788,0.000000,0.000000,0.000000,-0.296953,6.795994,-0.221216,16.934803,37.723965,77.790695,-14.112285,-2.931447,20.023438,0.000000,0.000000,0.000000,2.745572,2.325348,4.237655,18.621147,47.807228,77.355080,-17.566648,4.583930,14.285725,0.000000,0.000000,0.000000,-0.370094,3.470372,13.188314,18.032585,44.263458,80.516319,-15.510046,7.492855,9.315783,0.000000,0.000000,0.000000,0.507496,2.901506,18.105392,14.826054,35.163681,65.700073,-13.280750,1.510685,4.248840,0.000000,0.000000,0.000000,2.585926,-0.217739,8.579580,10.789999,26.541693,48.597408,-8.255890,4.344678,3.384214,0.000000,0.000000,0.000000,2.219425,-1.172573,3.609440,13.840185,26.224627,45.239880,-9.786200,1.550573,5.501047,0.000000,0.000000,0.000000,-1.440614,7.097168,-1.144189,20.119930,24.293800,57.014992,-11.358589,9.444561,-0.000736,0.000000,0.000000,0.000000,-3.090987,9.386910,-7.445606,21.569893,21.586390,69.013474,-11.796445,7.340249,-1.152195,0.000000,0.000000,0.000000,-3.268850,11.434778,-5.492332,15.669911,28.376200,65.381462,-8.407414,6.811831,0.446763,0.000000,0.000000,0.000000,-1.421857,5.535455,4.280759,12.558557,28.738537,46.729263,-9.444135,1.057633,4.837753,0.000000,0.000000,0.000000,-0.049453,2.093862,3.261316,11.519641,32.649662,52.691299,-7.828182,0.097284,19.890928,0.000000,0.000000,0.000000,-3.211114,5.440476,2.245228,15.242308,31.016777,51.081043,-7.791571,3.004697,17.434450,0.000000,0.000000,0.000000,-2.143995,3.864039,-0.230911,19.096073,32.306408,42.274555,-8.326413,2.728745,13.233986,0.000000,0.000000,0.000000,-2.041694,6.427349,3.712088,17.030373,27.663151,36.148121,-6.808224,5.511994,11.513414,0.000000,0.000000,0.000000,-7.424890,5.726023,-1.543629,13.810250,21.216413,46.434982,-5.113794,2.869493,10.008582,0.000000,0.000000,0.000000,-1.849787,-0.015366,4.654244,18.636747,27.027000,35.099369,-9.519363,1.204491,11.506948,0.000000,0.000000,0.000000,3.419619,0.020804,-0.570308,15.287779,33.251518,25.330061,-9.042783,-1.148916,10.878841,0.000000,0.000000,0.000000,-0.868995,-3.638471,8.230600,15.145185,27.328663,27.062372,-7.517896,-3.563269,9.227538,0.000000,0.000000,0.000000,-6.313630,2.362636,7.177345,12.807257,19.406263,30.081331,-2.437849,-0.825964,7.721986,0.000000,0.000000,0.000000,-5.500757,0.980001,8.707824,13.191305,22.831726,33.972603,-4.438895,1.797735,7.907829,0.000000,0.000000,0.000000,0.593827,-2.556720,11.661899,11.181180,21.616316,25.889055,-3.994599,-2.600094,4.043105,0.000000,0.000000,0.000000,-1.294716,0.338063,6.399844,8.587190,20.666780,24.138657,-4.393806,-1.998465,5.700452,0.000000,0.000000,0.000000,-2.118044,-0.071805,3.227443,14.015635,18.574640,22.686960,-0.605282,0.550829,8.587601,0.000000,0.000000,0.000000,-1.754940,-0.909283,4.682034,16.760538,11.985657,19.064999,-1.374245,1.721069,4.337279,0.000000,0.000000,0.000000,0.345668,-1.542045,4.228498,11.604975,15.939836,23.131193,-2.649319,3.102916,5.662657,0.000000,0.000000,0.000000,-0.875087,-1.136809,3.660481,8.118076,15.666849,17.596027,-1.987187,-0.381631,5.905497,0.000000,0.000000,0.000000,-0.471729,3.461185,-1.944211,6.689795,11.785619,20.460499,-0.205579,1.815330,4.444197,0.000000,0.000000,0.000000,2.179121,2.259035,2.573984,8.338100,17.531208,20.715454,-2.209108,4.409338,2.855216,0.000000,0.000000,0.000000,5.901798,-3.528299,7.773882,NaN,NaN,NaN,NaN,NaN,NaN,NaN,NaN,NaN,NaN,NaN,NaN,NaN,NaN,NaN,NaN,NaN,NaN,NaN,NaN,NaN,NaN,NaN,NaN,NaN,NaN,NaN,NaN,NaN,NaN,NaN,NaN,NaN,NaN,NaN,NaN,NaN,NaN,NaN,NaN,NaN,NaN,NaN,NaN,NaN,NaN,NaN,NaN,NaN,NaN,NaN,NaN,NaN,NaN,NaN,NaN,NaN,NaN,NaN,NaN,NaN,NaN,NaN,NaN,NaN,NaN,NaN,NaN,NaN,NaN,NaN,NaN,NaN,NaN,NaN,NaN,NaN,NaN,NaN,NaN,NaN,NaN,NaN,NaN,NaN,NaN,NaN,NaN,NaN,NaN,NaN,NaN,NaN,NaN,NaN,NaN,NaN,NaN,NaN,NaN,NaN,NaN,NaN,NaN,NaN,NaN,NaN,NaN,NaN,NaN,NaN,NaN,NaN,NaN,NaN,NaN,NaN,NaN,NaN,NaN,NaN,NaN,NaN,NaN,NaN,NaN,NaN,NaN,NaN,NaN,NaN,NaN,NaN,NaN,NaN,NaN,NaN,NaN,NaN,NaN,NaN,NaN,NaN,NaN,NaN,NaN,NaN,NaN,NaN,NaN,NaN,NaN,NaN,NaN,NaN,NaN,NaN,NaN,NaN,NaN,NaN,NaN,NaN,NaN,NaN,NaN,NaN,NaN,NaN,NaN,NaN,NaN,NaN,NaN,NaN,NaN,NaN,NaN,NaN,NaN,NaN,NaN,NaN,NaN,NaN,NaN,NaN,NaN,NaN,NaN,NaN,NaN,NaN,NaN,NaN,NaN,NaN,NaN,NaN,NaN,NaN,NaN,NaN,NaN,NaN,NaN,NaN,NaN,NaN,NaN,NaN,NaN,NaN,NaN,NaN,NaN,NaN,NaN,NaN,NaN,NaN,NaN,NaN,NaN,NaN,NaN,NaN,NaN,NaN,NaN,NaN,NaN,NaN,NaN,NaN,NaN,NaN,NaN,NaN,NaN,NaN,NaN,NaN,NaN,NaN,NaN,NaN,NaN,NaN,NaN,NaN,NaN,NaN,NaN,NaN,NaN,NaN,NaN,NaN,NaN,NaN,NaN,NaN,NaN,NaN,NaN,NaN,NaN,NaN,NaN,NaN,NaN,NaN,NaN,NaN,NaN,NaN,NaN,NaN,NaN,NaN,NaN,NaN,NaN,NaN,NaN,NaN,NaN,NaN,NaN,NaN,NaN,NaN,NaN,NaN,NaN,NaN,NaN,NaN,NaN,NaN,NaN,NaN,NaN,NaN,NaN,NaN,NaN,NaN,NaN,NaN,NaN,NaN,NaN,NaN,NaN,NaN,NaN,NaN,NaN,NaN,NaN,NaN,NaN,NaN,NaN,NaN,NaN,NaN,NaN,NaN,NaN,NaN,NaN,NaN,NaN,NaN,NaN,NaN,NaN,NaN,NaN,NaN,NaN,NaN,NaN,NaN,NaN,NaN,NaN,NaN,NaN,NaN,NaN,NaN,NaN,NaN,NaN,NaN,NaN,NaN,NaN,NaN,NaN,NaN,NaN,NaN,NaN,NaN,NaN,NaN,NaN,NaN,NaN,NaN,NaN,NaN,NaN,NaN,NaN,NaN,NaN,NaN,NaN,NaN,NaN,NaN,NaN,NaN,NaN,NaN,NaN,NaN,NaN,NaN,NaN,NaN,NaN,NaN,NaN,NaN,NaN,NaN,NaN,NaN,NaN,NaN,NaN,NaN,NaN,NaN,NaN,NaN,NaN,NaN,NaN,NaN,NaN,NaN,NaN,NaN,NaN,NaN,NaN,NaN,NaN,NaN,NaN,NaN,NaN,NaN,NaN,NaN,NaN,NaN,NaN,NaN,NaN,NaN,NaN,NaN,NaN,NaN,NaN,NaN,NaN,NaN,NaN,NaN,NaN,NaN,NaN,NaN,NaN,NaN,NaN,NaN,NaN,NaN,NaN,NaN,NaN,NaN,NaN,NaN,NaN,NaN,NaN,NaN,NaN,NaN,NaN,NaN,NaN,NaN,NaN,NaN,NaN,NaN,NaN,NaN,NaN,NaN,NaN,NaN,NaN,NaN,NaN,NaN,NaN,NaN,NaN,NaN,NaN,NaN,NaN,NaN,NaN,NaN,NaN,NaN,NaN,NaN,NaN,NaN,NaN,NaN,NaN,NaN,NaN,NaN,NaN,NaN,NaN,NaN,NaN,NaN,NaN,NaN,NaN,NaN,NaN,NaN,NaN,NaN,NaN,NaN,NaN,NaN,NaN,NaN,NaN,NaN,NaN,NaN,NaN,NaN,NaN,NaN,NaN,NaN,NaN,NaN,NaN,NaN,NaN,NaN,NaN,NaN,NaN,NaN,NaN,
SPECA,1349529890,1653296629.60,1653296731.60,33,NaN,NaN,NaN,NaN,NaN,NaN,NaN,NaN,NaN,NaN,NaN,NaN,NaN,NaN,NaN,NaN,NaN,NaN,NaN,NaN,NaN,NaN,NaN,NaN,NaN,NaN,NaN,NaN,NaN,NaN,NaN,NaN,NaN,NaN,NaN,NaN,19.142233,27.930170,2.718630,-1.062414,-0.369984,-1.126762,0.000000,0.000000,0.000000,-5.215816,0.306052,0.738411,96.145699,128.266890,17.178995,-28.564093,0.158360,-6.521006,0.000000,0.000000,0.000000,-36.995441,-0.963543,3.553524,176.611950,259.491460,85.317993,-46.171513,13.423150,15.003311,0.000000,0.000000,0.000000,-56.774269,8.340226,43.904934,2858.348100,7094.546900,7311.917500,3068.716100,967.742980,556.160160,0.000000,0.000000,0.000000,335.247620,3820.596400,6439.054200,9197.970700,20035.783000,22765.801000,10504.111000,3119.777600,1622.109600,0.000000,0.000000,0.000000,1534.316900,12947.299000,19939.570000,5228.695800,11379.205000,13128.707000,5819.881800,2133.016800,1842.401900,0.000000,0.000000,0.000000,745.019100,7041.133300,11110.319000,1498.455600,4254.210400,4269.826700,1426.562600,313.759220,630.103150,0.000000,0.000000,0.000000,44.203266,1887.002900,3712.722200,470.219090,1513.302500,1423.955800,341.864720,-95.562325,180.730580,0.000000,0.000000,0.000000,-154.763150,527.666930,1182.920200,312.380460,561.369810,653.912780,17.607718,-14.107421,11.327037,0.000000,0.000000,0.000000,12.635536,269.000820,340.494200,224.551850,598.491150,725.271970,-128.378230,28.986588,-129.280300,0.000000,0.000000,0.000000,19.053909,173.759480,269.489260,356.175480,813.376830,955.144780,-277.640500,47.982571,-52.677979,0.000000,0.000000,0.000000,-1.126301,209.906200,230.587230,387.356570,794.997560,1130.521600,-304.090360,83.699501,130.542400,0.000000,0.000000,0.000000,-25.433048,165.220320,256.725650,439.917540,718.537960,1019.345100,-257.377780,134.071270,91.584030,0.000000,0.000000,0.000000,64.010590,193.289960,131.391170,286.345310,703.299800,1114.372600,-241.757430,71.694908,112.018320,0.000000,0.000000,0.000000,136.787350,27.849188,276.675960,218.076000,594.264530,991.836430,-198.944430,42.578442,164.855010,0.000000,0.000000,0.000000,69.306618,35.829777,308.415410,210.806210,486.306400,804.777950,-166.279660,68.587334,75.838425,0.000000,0.000000,0.000000,20.823807,99.891861,273.953670,170.136870,419.238530,642.793400,-138.669540,-16.280193,136.435640,0.000000,0.000000,0.000000,-28.933180,74.837494,221.262820,220.350880,509.110840,755.558290,-229.430190,-54.516724,114.193030,0.000000,0.000000,0.000000,44.701946,49.710949,159.306690,245.353060,564.443660,855.971310,-236.220570,-31.687218,78.007790,0.000000,0.000000,0.000000,48.047523,45.296379,220.625270,200.109250,569.435000,648.853640,-224.589610,-13.303597,21.286478,0.000000,0.000000,0.000000,25.788380,-54.769989,243.902880,185.195010,448.719670,444.328490,-213.017400,16.832891,18.810879,0.000000,0.000000,0.000000,19.449797,-25.324430,144.881010,152.103160,329.989470,518.977230,-122.447120,-62.063622,122.044200,0.000000,0.000000,0.000000,-14.866484,59.845436,81.465042,126.021490,417.172240,555.031130,-136.428650,-30.487812,76.918304,0.000000,0.000000,0.000000,-12.150417,28.442570,180.925350,107.376130,356.956760,540.334720,-89.550026,19.372536,28.997871,0.000000,0.000000,0.000000,11.315840,31.057426,208.656910,114.294390,386.827330,484.259980,-110.279120,6.373709,70.539345,0.000000,0.000000,0.000000,38.963455,27.798996,153.621120,114.056700,289.913760,447.862490,-81.166679,9.301561,63.749924,0.000000,0.000000,0.000000,-6.842038,37.637917,104.894390,131.459150,306.786770,470.360990,-108.864390,17.858805,67.881607,0.000000,0.000000,0.000000,-15.755081,49.628742,114.457800,111.668170,308.058170,525.522710,-112.295270,27.855444,71.663918,0.000000,0.000000,0.000000,12.873989,-3.832831,134.637340,129.926210,298.575500,456.416230,-128.421360,37.047619,31.785276,0.000000,0.000000,0.000000,34.166862,20.966585,97.590988,95.206284,218.522170,476.935730,-80.456650,4.482122,68.001503,0.000000,0.000000,0.000000,8.216018,19.608953,90.205414,72.834145,202.702960,409.026460,-75.476677,4.934553,78.870155,0.000000,0.000000,0.000000,-4.974771,15.810289,64.389771,51.679302,133.238160,325.132320,-30.496725,23.993809,25.399242,0.000000,0.000000,0.000000,10.991838,25.987799,84.345215,80.207756,201.175700,370.362120,-61.277229,0.934509,77.130913,0.000000,0.000000,0.000000,3.856483,15.017306,101.402780,83.024376,198.166230,426.068180,-80.464157,17.475800,29.681993,0.000000,0.000000,0.000000,-5.848558,-12.587132,79.076904,50.204510,101.090680,357.409450,-39.839867,4.454652,7.781603,0.000000,0.000000,0.000000,4.711777,-6.037105,56.399330,37.913525,131.468830,250.896270,-25.729250,7.387340,55.756207,0.000000,0.000000,0.000000,7.506674,-2.192598,71.778114,38.997185,112.819990,199.920270,-31.196968,18.310436,-2.458762,0.000000,0.000000,0.000000,7.270735,3.344176,70.560326,39.605640,92.612465,161.902050,-30.129221,9.045406,-0.950503,0.000000,0.000000,0.000000,0.926581,8.744472,27.786484,40.819134,70.493408,172.356900,-24.284576,5.846440,36.911602,0.000000,0.000000,0.000000,3.616353,5.106195,10.418352,38.001656,117.339370,206.293990,-36.301918,9.079173,48.371471,0.000000,0.000000,0.000000,8.790131,5.882298,28.185051,31.827330,85.271065,162.616620,-29.650160,2.673887,33.048218,0.000000,0.000000,0.000000,-5.203474,13.238297,2.762326,30.830414,75.648895,144.844920,-28.085459,1.143114,24.438679,0.000000,0.000000,0.000000,-5.288203,14.254718,9.621976,26.559359,69.914383,128.561900,-24.249233,-6.793470,42.701069,0.000000,0.000000,0.000000,1.650107,1.725751,23.936232,22.445410,63.339828,121.508880,-18.898045,-0.635040,32.999836,0.000000,0.000000,0.000000,-1.018188,-1.923673,30.310684,24.704296,69.852364,131.398990,-17.451832,0.989336,44.598633,0.000000,0.000000,0.000000,-3.172312,4.134640,34.122459,18.240669,63.287117,121.380620,-13.715881,-3.617727,40.757492,0.000000,0.000000,0.000000,-4.242806,12.640291,18.830919,15.158638,59.153671,96.030968,-14.362730,-0.108209,23.409512,0.000000,0.000000,0.000000,-2.005820,12.099039,12.705477,15.598796,41.987919,80.520027,-8.983458,9.207056,11.103187,0.000000,0.000000,0.000000,-0.380796,9.794246,9.737541,18.550001,35.945988,96.442284,-9.785205,8.489914,13.241036,0.000000,0.000000,0.000000,-1.225879,10.753081,15.002390,16.450991,29.378115,59.049889,-11.388614,1.236571,8.722789,0.000000,0.000000,0.000000,-3.442391,6.870983,2.999911,13.607841,32.202564,54.556469,-11.109196,-2.915106,6.950861,0.000000,0.000000,0.000000,-6.188746,1.225593,0.826665,13.350477,37.539295,81.553322,-11.897219,8.787605,4.299034,0.000000,0.000000,0.000000,-1.097280,-0.266620,-1.001125,11.473443,40.983887,83.310036,-10.788921,5.277860,11.127149,0.000000,0.000000,0.000000,-2.891172,-1.322351,15.305479,9.473024,49.941250,72.820160,-9.760519,-2.852083,31.191881,0.000000,0.000000,0.000000,-3.310421,2.623387,13.142134,11.646756,40.449638,57.519012,-12.238187,4.537769,13.342014,0.000000,0.000000,0.000000,1.053367,-1.797209,12.330470,10.023680,33.169254,65.985664,-11.011365,-0.580076,17.047466,0.000000,0.000000,0.000000,1.354662,-3.497436,9.246246,9.369050,30.561924,47.607876,-9.930364,-2.415125,15.173744,0.000000,0.000000,0.000000,-3.455732,-0.360532,3.859521,13.691338,35.085548,37.103420,-11.753022,0.750003,9.107550,0.000000,0.000000,0.000000,-5.000188,-0.466632,-2.101781,15.553058,27.346552,35.481556,-9.467922,-0.896682,14.738866,0.000000,0.000000,0.000000,-2.379676,1.017555,0.623350,14.513475,35.957073,38.807304,-12.186195,-0.157496,16.223009,0.000000,0.000000,0.000000,-2.078778,-0.060782,2.378015,12.769755,39.784363,40.530746,-12.292009,2.463291,7.063506,0.000000,0.000000,0.000000,-1.236704,-1.784139,2.879128,11.650689,26.816681,40.356934,-9.736225,-2.133490,9.362808,0.000000,0.000000,0.000000,-1.917730,-0.169184,9.818750,13.372863,22.175915,40.724949,-8.715953,-0.832986,11.732357,0.000000,0.000000,0.000000,-2.562369,4.443563,-3.698977,12.729145,26.977335,41.603874,-5.534938,2.380331,15.329557,0.000000,0.000000,0.000000,-2.541068,5.470198,-2.838262,10.139579,22.927340,32.089260,-5.715132,3.021203,10.615695,0.000000,0.000000,0.000000,-4.759008,5.161786,-1.719976,13.237998,21.500259,34.337177,-5.334802,1.118324,7.899919,0.000000,0.000000,0.000000,-4.797178,2.971159,1.096598,13.571145,25.758036,36.564381,-8.302251,0.543652,11.495477,0.000000,0.000000,0.000000,-5.813260,-0.770192,5.072634,16.390150,20.714632,31.715790,-11.142044,0.962412,7.130333,0.000000,0.000000,0.000000,-4.462796,2.520637,0.862829,16.740339,22.468334,27.319807,-10.416605,-0.991018,3.907814,0.000000,0.000000,0.000000,-3.609708,2.946113,-2.609084,11.768697,23.765202,22.881731,-6.662364,1.262214,4.644650,0.000000,0.000000,0.000000,0.141363,-0.300392,-1.036293,12.056693,19.731962,24.691437,-5.963293,-1.814202,6.614423,0.000000,0.000000,0.000000,2.045733,-1.099752,3.379104,13.891344,19.164854,26.816513,-7.476157,-0.026968,2.223880,0.000000,0.000000,0.000000,0.615397,1.499476,4.049515,12.041268,20.274584,27.020092,-5.916151,1.334993,-1.380683,0.000000,0.000000,0.000000,-1.035771,1.310592,3.792118,9.770367,22.136374,20.924431,-3.770545,1.414063,-1.551611,0.000000,0.000000,0.000000,-5.895158,-1.053542,6.315686,10.812972,19.080328,17.773863,-3.946185,2.250872,0.037650,0.000000,0.000000,0.000000,-3.480261,-0.708819,2.326681,10.186350,16.146194,17.604961,-2.852551,1.140992,2.516932,0.000000,0.000000,0.000000,-1.253795,-1.303420,0.013220,9.292729,15.838896,14.781376,-3.311987,-1.530717,5.352693,0.000000,0.000000,0.000000,0.234734,-0.487112,-1.394021,7.268471,16.115545,11.599960,-2.013700,-0.461355,2.218816,0.000000,0.000000,0.000000,-0.925643,-1.644591,0.439059,7.922771,14.095518,13.715035,-3.038116,-3.542296,2.239133,0.000000,0.000000,0.000000,-2.927216,0.133567,1.538930,NaN,NaN,NaN,NaN,NaN,NaN,NaN,NaN,NaN,NaN,NaN,NaN,NaN,NaN,NaN,NaN,NaN,NaN,NaN,NaN,NaN,NaN,NaN,NaN,NaN,NaN,NaN,NaN,NaN,NaN,NaN,NaN,NaN,NaN,NaN,NaN,NaN,NaN,NaN,NaN,NaN,NaN,NaN,NaN,NaN,NaN,NaN,NaN,NaN,NaN,NaN,NaN,NaN,NaN,NaN,NaN,NaN,NaN,NaN,NaN,NaN,NaN,NaN,NaN,NaN,NaN,NaN,NaN,NaN,NaN,NaN,NaN,NaN,NaN,NaN,NaN,NaN,NaN,NaN,NaN,NaN,NaN,NaN,NaN,NaN,NaN,NaN,NaN,NaN,NaN,NaN,NaN,NaN,NaN,NaN,NaN,NaN,NaN,NaN,NaN,NaN,NaN,NaN,NaN,NaN,NaN,NaN,NaN,NaN,NaN,NaN,NaN,NaN,NaN,NaN,NaN,NaN,NaN,NaN,NaN,NaN,NaN,NaN,NaN,NaN,NaN,NaN,NaN,NaN,NaN,NaN,NaN,NaN,NaN,NaN,NaN,NaN,NaN,NaN,NaN,NaN,NaN,NaN,NaN,NaN,NaN,NaN,NaN,NaN,NaN,NaN,NaN,NaN,NaN,NaN,NaN,NaN,NaN,NaN,NaN,NaN,NaN,NaN,NaN,NaN,NaN,NaN,NaN,NaN,NaN,NaN,NaN,NaN,NaN,NaN,NaN,NaN,NaN,NaN,NaN,NaN,NaN,NaN,NaN,NaN,NaN,NaN,NaN,NaN,NaN,NaN,NaN,NaN,NaN,NaN,NaN,NaN,NaN,NaN,NaN,NaN,NaN,NaN,NaN,NaN,NaN,NaN,NaN,NaN,NaN,NaN,NaN,NaN,NaN,NaN,NaN,NaN,NaN,NaN,NaN,NaN,NaN,NaN,NaN,NaN,NaN,NaN,NaN,NaN,NaN,NaN,NaN,NaN,NaN,NaN,NaN,NaN,NaN,NaN,NaN,NaN,NaN,NaN,NaN,NaN,NaN,NaN,NaN,NaN,NaN,NaN,NaN,NaN,NaN,NaN,NaN,NaN,NaN,NaN,NaN,NaN,NaN,NaN,NaN,NaN,NaN,NaN,NaN,NaN,NaN,NaN,NaN,NaN,NaN,NaN,NaN,NaN,NaN,NaN,NaN,NaN,NaN,NaN,NaN,NaN,NaN,NaN,NaN,NaN,NaN,NaN,NaN,NaN,NaN,NaN,NaN,NaN,NaN,NaN,NaN,NaN,NaN,NaN,NaN,NaN,NaN,NaN,NaN,NaN,NaN,NaN,NaN,NaN,NaN,NaN,NaN,NaN,NaN,NaN,NaN,NaN,NaN,NaN,NaN,NaN,NaN,NaN,NaN,NaN,NaN,NaN,NaN,NaN,NaN,NaN,NaN,NaN,NaN,NaN,NaN,NaN,NaN,NaN,NaN,NaN,NaN,NaN,NaN,NaN,NaN,NaN,NaN,NaN,NaN,NaN,NaN,NaN,NaN,NaN,NaN,NaN,NaN,NaN,NaN,NaN,NaN,NaN,NaN,NaN,NaN,NaN,NaN,NaN,NaN,NaN,NaN,NaN,NaN,NaN,NaN,NaN,NaN,NaN,NaN,NaN,NaN,NaN,NaN,NaN,NaN,NaN,NaN,NaN,NaN,NaN,NaN,NaN,NaN,NaN,NaN,NaN,NaN,NaN,NaN,NaN,NaN,NaN,NaN,NaN,NaN,NaN,NaN,NaN,NaN,NaN,NaN,NaN,NaN,NaN,NaN,NaN,NaN,NaN,NaN,NaN,NaN,NaN,NaN,NaN,NaN,NaN,NaN,NaN,NaN,NaN,NaN,NaN,NaN,NaN,NaN,NaN,NaN,NaN,NaN,NaN,NaN,NaN,NaN,NaN,NaN,NaN,NaN,NaN,NaN,NaN,NaN,NaN,NaN,NaN,NaN,NaN,NaN,NaN,NaN,NaN,NaN,NaN,NaN,NaN,NaN,NaN,NaN,NaN,NaN,NaN,NaN,NaN,NaN,NaN,NaN,NaN,NaN,NaN,NaN,NaN,NaN,NaN,NaN,NaN,NaN,NaN,NaN,NaN,NaN,NaN,NaN,NaN,NaN,NaN,NaN,NaN,NaN,NaN,NaN,NaN,NaN,NaN,NaN,NaN,NaN,NaN,NaN,NaN,NaN,NaN,NaN,NaN,NaN,NaN,NaN,NaN,NaN,NaN,NaN,NaN,NaN,NaN,NaN,NaN,NaN,NaN,NaN,NaN,NaN,NaN,NaN,NaN,NaN,NaN,NaN,NaN,NaN,NaN,NaN,NaN,NaN,NaN,NaN,NaN,NaN,NaN,NaN,
SPECA,1351328061,1653298429.60,1653298531.60,33,NaN,NaN,NaN,NaN,NaN,NaN,NaN,NaN,NaN,NaN,NaN,NaN,NaN,NaN,NaN,NaN,NaN,NaN,NaN,NaN,NaN,NaN,NaN,NaN,NaN,NaN,NaN,NaN,NaN,NaN,NaN,NaN,NaN,NaN,NaN,NaN,117.069830,203.526490,43.131741,-13.793719,16.762278,-19.804712,0.000000,0.000000,0.000000,-15.641020,8.115673,4.300517,347.250670,555.061400,136.433790,-38.776566,29.271473,-19.239609,0.000000,0.000000,0.000000,56.746624,-5.189833,12.838923,295.954010,438.961330,235.022060,-5.357399,-38.493359,40.352905,0.000000,0.000000,0.000000,-5.435273,52.586876,194.269260,4361.928200,8229.699200,9908.825200,4530.141100,354.350040,1965.532500,0.000000,0.000000,0.000000,-1090.199800,5847.183100,7970.085000,9877.690400,19553.344000,26047.217000,11685.111000,2526.662100,5461.639600,0.000000,0.000000,0.000000,-1319.018900,14738.283000,20605.223000,5170.310100,9488.087900,13942.398000,5427.212400,1898.548800,3265.324700,0.000000,0.000000,0.000000,-435.187620,7440.569300,10052.890000,1196.819300,2964.162400,2929.935500,947.937260,135.995480,530.092470,0.000000,0.000000,0.000000,-236.767940,1400.583600,2418.426500,731.026550,1126.360400,1505.373000,305.836520,193.300600,128.472930,0.000000,0.000000,0.000000,-30.115555,727.201840,970.343870,287.699220,635.608030,615.635190,-66.555809,81.731384,20.611391,0.000000,0.000000,0.000000,44.148064,168.888460,346.109530,251.344350,513.326600,559.238710,-122.999360,23.252777,2.384789,0.000000,0.000000,0.000000,37.312126,113.818790,245.523800,536.852970,861.342530,1167.346200,-428.265140,12.372519,-24.266441,0.000000,0.000000,0.000000,18.182447,-77.416336,580.151730,655.845760,1156.536000,1630.047500,-603.200870,-118.040890,198.060090,0.000000,0.000000,0.000000,-24.206007,-274.206390,773.925720,559.047790,774.234190,1256.006500,-354.314330,-52.388390,185.576160,0.000000,0.000000,0.000000,-8.802291,61.024063,404.445310,360.540160,657.713070,985.401000,-253.458510,15.919094,37.212772,0.000000,0.000000,0.000000,9.346067,234.838380,196.000780,232.463640,806.216610,904.717710,-222.669170,100.934140,5.312294,0.000000,0.000000,0.000000,26.880026,32.164597,509.950290,292.368770,933.304870,943.534970,-297.529240,121.085860,26.786579,0.000000,0.000000,0.000000,10.937492,25.498722,561.134160,247.293410,607.289370,1058.966800,-176.027510,89.949036,57.321308,0.000000,0.000000,0.000000,4.255423,116.099350,456.946500,276.703580,598.637150,981.038450,-260.692140,56.171196,75.334267,0.000000,0.000000,0.000000,23.751366,29.878250,424.212010,232.349530,561.396850,1043.593300,-223.253050,-12.354320,106.043280,0.000000,0.000000,0.000000,-10.121801,2.002173,410.785060,219.747710,718.080990,1153.644000,-247.414600,28.505138,101.546230,0.000000,0.000000,0.000000,-2.985010,-80.553314,553.170040,255.088520,562.641850,788.941280,-260.746610,50.837337,49.639713,0.000000,0.000000,0.000000,25.295801,-69.400040,318.372800,181.890720,423.006680,485.153960,-193.353560,-1.593667,73.386818,0.000000,0.000000,0.000000,2.374548,-7.681736,179.391250,133.215790,414.683380,484.191680,-148.918720,2.200514,45.143665,0.000000,0.000000,0.000000,6.720754,2.365948,182.653000,132.464750,361.969090,588.720340,-106.166370,49.729164,46.214657,0.000000,0.000000,0.000000,12.753078,30.390064,140.226840,186.362340,353.164250,579.065670,-162.774080,38.186890,21.579735,0.000000,0.000000,0.000000,14.756844,-15.629411,148.537370,195.749190,471.931210,516.830570,-211.946010,-54.202496,108.994930,0.000000,0.000000,0.000000,1.383855,-54.350708,195.283390,197.642110,443.099460,476.349580,-220.560350,-74.302078,143.064540,0.000000,0.000000,0.000000,-15.181494,-21.983913,111.784090,132.591720,307.185550,496.376430,-122.489100,-33.379250,44.107025,0.000000,0.000000,0.000000,-43.258930,2.219110,105.705120,118.248730,238.959340,394.265200,-109.123710,8.489522,10.444373,0.000000,0.000000,0.000000,-7.489171,-8.461487,85.186844,98.463509,261.860380,311.917760,-108.811020,35.073147,27.755802,0.000000,0.000000,0.000000,8.433256,-3.101085,120.222310,88.788307,240.214580,419.560760,-95.840782,19.697826,64.750389,0.000000,0.000000,0.000000,-7.747581,-10.729614,132.887650,98.455215,204.276690,402.185880,-96.742828,10.694258,40.522335,0.000000,0.000000,0.000000,-17.877035,-27.659813,119.046270,119.116070,255.886730,302.671630,-122.663070,-23.166866,53.570568,0.000000,0.000000,0.000000,-18.367634,-30.779642,149.999110,117.599470,246.289110,248.146790,-132.239320,7.328613,45.407341,0.000000,0.000000,0.000000,0.227196,-44.788406,89.634987,68.486237,200.971660,292.184360,-91.993378,8.147754,21.020443,0.000000,0.000000,0.000000,13.522922,-58.689682,120.777470,66.407387,155.502240,236.397000,-68.919708,-8.854987,28.713587,0.000000,0.000000,0.000000,16.117548,-37.190022,94.697601,50.355698,149.070300,195.937440,-52.085621,-14.054612,43.604992,0.000000,0.000000,0.000000,1.414241,-6.912252,40.469433,40.852917,131.492870,174.199370,-44.201778,1.549496,35.264332,0.000000,0.000000,0.000000,-5.861728,-6.600762,45.773003,39.541088,110.878230,171.552540,-40.644814,-10.301008,32.962635,0.000000,0.000000,0.000000,-9.747787,-8.645143,48.077114,41.903297,78.871475,170.989560,-32.044983,2.843267,14.083667,0.000000,0.000000,0.000000,-12.379065,0.144782,24.696533,44.793060,74.728577,161.062260,-33.640663,14.530176,11.269424,0.000000,0.000000,0.000000,-2.210890,-3.411176,32.414425,32.197327,78.371574,141.418240,-26.857023,4.432070,26.456614,0.000000,0.000000,0.000000,1.129101,-6.956255,38.383026,30.362560,76.314178,127.532750,-27.209625,-2.167910,26.865540,0.000000,0.000000,0.000000,-4.630907,0.924358,41.089005,31.635185,60.075459,135.930950,-24.159683,-3.576337,26.064499,0.000000,0.000000,0.000000,-7.052635,10.872099,20.406845,31.942371,79.492142,137.920070,-30.190727,-5.084785,22.780991,0.000000,0.000000,0.000000,-4.272085,6.832556,43.444286,25.033676,60.296898,87.949066,-25.594519,-7.782568,12.546969,0.000000,0.000000,0.000000,2.740727,7.624807,16.860382,20.622099,46.542686,102.936820,-21.220219,-2.472423,18.434414,0.000000,0.000000,0.000000,-1.113243,5.570466,1.449008,18.990177,42.091114,86.740387,-16.917219,7.047453,2.106625,0.000000,0.000000,0.000000,-3.963526,-0.457430,6.372736,18.474089,39.522076,79.867371,-15.744040,8.946796,-0.548523,0.000000,0.000000,0.000000,0.208878,-3.427435,12.394732,15.685287,41.124382,93.342033,-15.220473,1.116411,8.598834,0.000000,0.000000,0.000000,4.031912,-3.490928,16.551626,19.343578,50.060444,81.798622,-22.076525,-5.442480,22.999535,0.000000,0.000000,0.000000,-0.164213,-4.161653,17.459749,18.246742,39.590370,71.388046,-18.330906,-1.914953,11.824211,0.000000,0.000000,0.000000,-1.453465,-4.704559,17.251648,16.810570,28.635727,69.774918,-13.400764,-2.284564,9.820965,0.000000,0.000000,0.000000,-3.954626,-3.127577,13.052851,18.789726,42.075809,80.260872,-17.240488,-8.152870,28.162945,0.000000,0.000000,0.000000,-6.080042,5.295011,10.806857,18.684755,32.445065,77.325768,-15.332916,-9.010596,20.008533,0.000000,0.000000,0.000000,-1.320501,3.684118,8.168267,17.704195,27.867262,59.715080,-12.256764,-9.196480,13.150275,0.000000,0.000000,0.000000,-2.322087,-6.476224,16.270088,22.771702,28.583670,55.804962,-16.637220,-6.485261,8.888266,0.000000,0.000000,0.000000,-0.949446,-4.794080,11.929166,15.519304,32.996243,65.602432,-14.741910,-5.886013,18.199604,0.000000,0.000000,0.000000,-0.307398,-3.230719,7.884295,12.181583,29.983253,56.461575,-10.491854,-0.623879,11.580696,0.000000,0.000000,0.000000,2.011300,-1.467300,10.993518,13.238083,29.927591,39.427952,-12.157449,0.839433,6.601116,0.000000,0.000000,0.000000,-0.307586,-3.544183,10.331569,13.284977,27.135637,34.832355,-10.743315,0.932403,4.122033,0.000000,0.000000,0.000000,-3.243482,2.498524,0.791923,13.324532,27.198896,56.676533,-11.508330,-3.942967,14.368452,0.000000,0.000000,0.000000,-3.908927,4.082166,-0.846815,14.384765,29.810404,53.468296,-10.844359,-3.935380,18.028793,0.000000,0.000000,0.000000,-4.842262,4.671395,2.761055,16.314095,27.530079,39.666988,-11.221653,-0.976620,10.970534,0.000000,0.000000,0.000000,-3.314351,4.395261,5.999316,15.414892,28.436020,37.553795,-12.762151,-3.189384,8.314394,0.000000,0.000000,0.000000,-3.933590,7.827142,-3.175582,14.651783,21.666372,28.520599,-7.793601,0.551820,5.011304,0.000000,0.000000,0.000000,-4.456944,5.546377,-2.152836,16.381948,25.360754,20.895086,-9.624985,2.582156,7.737803,0.000000,0.000000,0.000000,-7.019154,1.908262,-1.797889,15.243362,27.768545,25.438807,-12.689398,-0.647718,8.308702,0.000000,0.000000,0.000000,-5.543197,4.694354,-1.104769,13.886189,22.371927,23.424116,-10.659726,-1.881924,8.110315,0.000000,0.000000,0.000000,-1.191004,2.507730,3.636161,14.525652,20.189264,25.450848,-6.115471,-2.782069,6.335189,0.000000,0.000000,0.000000,-1.612348,1.478295,4.496788,15.105111,20.331604,21.432148,-4.863344,-0.914809,3.983823,0.000000,0.000000,0.000000,-4.262514,4.260222,1.183388,11.279986,22.410082,24.235989,-6.529547,-0.265291,1.169128,0.000000,0.000000,0.000000,-1.033507,4.748494,0.786648,11.958800,19.438717,23.085508,-6.714203,-1.327590,2.062680,0.000000,0.000000,0.000000,-0.824021,0.722097,5.363799,10.577695,17.485519,21.584879,-4.979484,-1.686303,5.556220,0.000000,0.000000,0.000000,-1.928051,-0.554937,2.672041,9.707253,14.889209,19.732704,-3.697320,-3.672081,3.625854,0.000000,0.000000,0.000000,-1.824152,0.300225,1.354105,10.599853,14.424344,23.850164,-2.470751,-2.035247,7.392385,0.000000,0.000000,0.000000,-1.468825,3.110923,1.391124,10.385859,14.673731,22.437815,-2.055146,0.404207,5.693682,0.000000,0.000000,0.000000,0.098625,0.824634,0.432577,9.233116,14.665844,18.655003,-5.323680,0.500963,1.477578,0.000000,0.000000,0.000000,-0.039461,-2.875858,2.584556,7.214853,15.150816,15.337892,-4.456636,-0.092989,4.195220,0.000000,0.000000,0.000000,-2.183560,0.107343,2.071181,NaN,NaN,NaN,NaN,NaN,NaN,NaN,NaN,NaN,NaN,NaN,NaN,NaN,NaN,NaN,NaN,NaN,NaN,NaN,NaN,NaN,NaN,NaN,NaN,NaN,NaN,NaN,NaN,NaN,NaN,NaN,NaN,NaN,NaN,NaN,NaN,NaN,NaN,NaN,NaN,NaN,NaN,NaN,NaN,NaN,NaN,NaN,NaN,NaN,NaN,NaN,NaN,NaN,NaN,NaN,NaN,NaN,NaN,NaN,NaN,NaN,NaN,NaN,NaN,NaN,NaN,NaN,NaN,NaN,NaN,NaN,NaN,NaN,NaN,NaN,NaN,NaN,NaN,NaN,NaN,NaN,NaN,NaN,NaN,NaN,NaN,NaN,NaN,NaN,NaN,NaN,NaN,NaN,NaN,NaN,NaN,NaN,NaN,NaN,NaN,NaN,NaN,NaN,NaN,NaN,NaN,NaN,NaN,NaN,NaN,NaN,NaN,NaN,NaN,NaN,NaN,NaN,NaN,NaN,NaN,NaN,NaN,NaN,NaN,NaN,NaN,NaN,NaN,NaN,NaN,NaN,NaN,NaN,NaN,NaN,NaN,NaN,NaN,NaN,NaN,NaN,NaN,NaN,NaN,NaN,NaN,NaN,NaN,NaN,NaN,NaN,NaN,NaN,NaN,NaN,NaN,NaN,NaN,NaN,NaN,NaN,NaN,NaN,NaN,NaN,NaN,NaN,NaN,NaN,NaN,NaN,NaN,NaN,NaN,NaN,NaN,NaN,NaN,NaN,NaN,NaN,NaN,NaN,NaN,NaN,NaN,NaN,NaN,NaN,NaN,NaN,NaN,NaN,NaN,NaN,NaN,NaN,NaN,NaN,NaN,NaN,NaN,NaN,NaN,NaN,NaN,NaN,NaN,NaN,NaN,NaN,NaN,NaN,NaN,NaN,NaN,NaN,NaN,NaN,NaN,NaN,NaN,NaN,NaN,NaN,NaN,NaN,NaN,NaN,NaN,NaN,NaN,NaN,NaN,NaN,NaN,NaN,NaN,NaN,NaN,NaN,NaN,NaN,NaN,NaN,NaN,NaN,NaN,NaN,NaN,NaN,NaN,NaN,NaN,NaN,NaN,NaN,NaN,NaN,NaN,NaN,NaN,NaN,NaN,NaN,NaN,NaN,NaN,NaN,NaN,NaN,NaN,NaN,NaN,NaN,NaN,NaN,NaN,NaN,NaN,NaN,NaN,NaN,NaN,NaN,NaN,NaN,NaN,NaN,NaN,NaN,NaN,NaN,NaN,NaN,NaN,NaN,NaN,NaN,NaN,NaN,NaN,NaN,NaN,NaN,NaN,NaN,NaN,NaN,NaN,NaN,NaN,NaN,NaN,NaN,NaN,NaN,NaN,NaN,NaN,NaN,NaN,NaN,NaN,NaN,NaN,NaN,NaN,NaN,NaN,NaN,NaN,NaN,NaN,NaN,NaN,NaN,NaN,NaN,NaN,NaN,NaN,NaN,NaN,NaN,NaN,NaN,NaN,NaN,NaN,NaN,NaN,NaN,NaN,NaN,NaN,NaN,NaN,NaN,NaN,NaN,NaN,NaN,NaN,NaN,NaN,NaN,NaN,NaN,NaN,NaN,NaN,NaN,NaN,NaN,NaN,NaN,NaN,NaN,NaN,NaN,NaN,NaN,NaN,NaN,NaN,NaN,NaN,NaN,NaN,NaN,NaN,NaN,NaN,NaN,NaN,NaN,NaN,NaN,NaN,NaN,NaN,NaN,NaN,NaN,NaN,NaN,NaN,NaN,NaN,NaN,NaN,NaN,NaN,NaN,NaN,NaN,NaN,NaN,NaN,NaN,NaN,NaN,NaN,NaN,NaN,NaN,NaN,NaN,NaN,NaN,NaN,NaN,NaN,NaN,NaN,NaN,NaN,NaN,NaN,NaN,NaN,NaN,NaN,NaN,NaN,NaN,NaN,NaN,NaN,NaN,NaN,NaN,NaN,NaN,NaN,NaN,NaN,NaN,NaN,NaN,NaN,NaN,NaN,NaN,NaN,NaN,NaN,NaN,NaN,NaN,NaN,NaN,NaN,NaN,NaN,NaN,NaN,NaN,NaN,NaN,NaN,NaN,NaN,NaN,NaN,NaN,NaN,NaN,NaN,NaN,NaN,NaN,NaN,NaN,NaN,NaN,NaN,NaN,NaN,NaN,NaN,NaN,NaN,NaN,NaN,NaN,NaN,NaN,NaN,NaN,NaN,NaN,NaN,NaN,NaN,NaN,NaN,NaN,NaN,NaN,NaN,NaN,NaN,NaN,NaN,NaN,NaN,NaN,NaN,NaN,NaN,NaN,NaN,NaN,NaN,NaN,NaN,NaN,NaN,NaN,NaN,NaN,NaN,NaN,NaN,NaN,NaN,NaN,NaN,NaN,NaN,
SPECA,1353126082,1653300229.60,1653300331.60,33,NaN,NaN,NaN,NaN,NaN,NaN,NaN,NaN,NaN,NaN,NaN,NaN,NaN,NaN,NaN,NaN,NaN,NaN,NaN,NaN,NaN,NaN,NaN,NaN,NaN,NaN,NaN,NaN,NaN,NaN,NaN,NaN,NaN,NaN,NaN,NaN,173.175250,310.689610,146.090880,15.894969,-32.332493,-27.529442,0.000000,0.000000,0.000000,6.744606,-13.335005,32.538357,204.877750,293.784090,150.361710,-8.352204,-27.280603,-32.380840,0.000000,0.000000,0.000000,-0.135326,3.182169,27.328598,497.380920,576.709780,362.630430,84.249329,44.360416,-21.075790,0.000000,0.000000,0.000000,95.324730,107.174000,155.195420,3962.622600,9700.428700,8213.316400,4513.841300,424.382140,1787.489400,0.000000,0.000000,0.000000,-1257.338500,4975.276400,7482.366700,10580.546000,22325.252000,25288.508000,12437.440000,1700.831700,4657.085400,0.000000,0.000000,0.000000,-2284.884000,15171.524000,21400.965000,5609.348100,10896.676000,14435.795000,5684.864300,1928.379900,2367.348400,0.000000,0.000000,0.000000,76.227264,7613.306200,11085.635000,1577.593600,3040.997300,4127.561000,1085.450200,498.176700,302.630710,0.000000,0.000000,0.000000,161.137630,1881.983300,2915.589100,559.675840,1508.662200,1765.753100,179.071720,83.767197,29.599264,0.000000,0.000000,0.000000,-13.020139,599.295840,1193.938500,378.756740,1046.425000,828.991270,-131.795580,-97.578934,172.521580,0.000000,0.000000,0.000000,-41.451500,307.209560,334.242740,270.500310,882.425050,642.638240,-220.621610,-62.231979,225.008530,0.000000,0.000000,0.000000,-4.665091,142.882750,106.007270,393.052760,712.804080,1308.358000,-276.965120,22.007046,78.593849,0.000000,0.000000,0.000000,-26.854328,4.573290,334.441990,391.200070,777.788570,1791.387200,-282.456270,-92.566597,191.752320,0.000000,0.000000,0.000000,32.107140,-54.398056,508.254640,338.695710,747.274110,1296.421600,-248.416550,121.342360,48.410370,0.000000,0.000000,0.000000,163.687740,7.692362,401.967220,340.635590,638.381590,974.424620,-215.799030,0.693973,92.272591,0.000000,0.000000,0.000000,24.488689,41.169109,328.244050,229.993440,516.305790,874.407170,-162.982530,-48.201160,193.554900,0.000000,0.000000,0.000000,-58.989510,106.562360,143.441250,221.264540,706.265870,837.064640,-243.051240,66.192017,-38.700233,0.000000,0.000000,0.000000,-9.491962,30.413538,271.048490,216.810930,791.433110,969.895320,-282.967100,66.806343,-12.534872,0.000000,0.000000,0.000000,-42.365692,-55.356949,376.480220,216.875780,712.689880,766.529240,-262.312190,5.603296,31.183548,0.000000,0.000000,0.000000,-33.042923,-19.215075,251.156770,340.298740,677.066470,846.664490,-312.995390,-75.364960,160.470860,0.000000,0.000000,0.000000,-74.910645,124.621370,141.543090,263.061830,544.927060,975.989810,-197.969240,-109.384930,167.337590,0.000000,0.000000,0.000000,-14.187977,72.472313,245.768330,268.055910,517.431520,998.402470,-191.381960,9.310501,139.415370,0.000000,0.000000,0.000000,36.535934,-54.620728,372.470120,186.923490,452.572140,766.506650,-158.869250,100.041530,14.936182,0.000000,0.000000,0.000000,33.929760,-84.249611,316.667180,117.527850,457.464690,636.349430,-158.828190,48.225159,44.570984,0.000000,0.000000,0.000000,15.851627,-78.744019,291.057950,154.200470,427.839450,345.807190,-180.208110,32.159718,23.281631,0.000000,0.000000,0.000000,-7.083243,-16.497763,125.775170,209.530010,469.819340,553.800170,-174.446640,-17.070463,98.385994,0.000000,0.000000,0.000000,-95.757668,3.838186,211.378830,196.204390,454.668270,587.105350,-143.896100,-37.681480,83.064049,0.000000,0.000000,0.000000,-30.413059,-26.184435,201.887660,206.803710,435.478880,474.053380,-162.223180,13.015464,23.020948,0.000000,0.000000,0.000000,70.505096,-21.578547,142.615980,196.613560,368.582150,414.601840,-155.918610,-13.369875,44.037445,0.000000,0.000000,0.000000,13.308309,-37.815609,176.806550,109.790770,301.853360,482.194120,-101.996650,1.815772,33.642502,0.000000,0.000000,0.000000,-15.434882,-60.498402,189.405320,107.320110,322.034210,452.682220,-110.580890,-21.654070,102.747790,0.000000,0.000000,0.000000,-19.171022,-64.711914,194.819820,67.436028,243.513410,372.989170,-83.773140,-40.762985,104.966600,0.000000,0.000000,0.000000,-8.751789,-40.522690,134.414340,68.479645,233.861620,393.520810,-80.426506,-22.679171,79.790634,0.000000,0.000000,0.000000,-13.105322,-38.519932,162.808760,78.616585,255.941820,468.216490,-87.723015,-24.351723,118.739620,0.000000,0.000000,0.000000,-20.080828,-22.458487,138.226000,64.565445,197.913500,285.427030,-72.042709,0.429131,29.712770,0.000000,0.000000,0.000000,5.150948,-10.732474,33.674088,62.353466,180.873170,235.089770,-75.428497,-20.477097,46.382175,0.000000,0.000000,0.000000,-0.716720,-10.054993,54.434128,55.533772,160.952590,160.786300,-57.447441,-7.781910,58.905769,0.000000,0.000000,0.000000,7.139938,-20.064110,41.337234,56.716084,179.524230,230.262710,-58.006557,-9.447289,67.589767,0.000000,0.000000,0.000000,7.512457,-33.104229,84.700951,60.288670,121.351310,241.666850,-51.204945,-14.164124,61.674019,0.000000,0.000000,0.000000,0.846603,-9.112942,36.625957,40.888630,83.094917,231.580250,-26.478233,-2.485011,28.203348,0.000000,0.000000,0.000000,3.088539,-6.260174,40.612408,29.878065,107.455290,169.930890,-23.861309,-11.802866,40.382774,0.000000,0.000000,0.000000,3.409349,-0.799925,48.843220,36.026611,100.477590,154.102170,-32.385845,5.520499,15.686503,0.000000,0.000000,0.000000,4.163133,6.406168,28.797184,23.014793,60.551857,111.257530,-18.026197,4.953143,3.603496,0.000000,0.000000,0.000000,3.356767,-4.921517,32.241188,35.774151,92.060966,152.880370,-36.673740,0.119651,23.565872,0.000000,0.000000,0.000000,6.504597,2.074536,38.025143,38.466400,93.368896,181.754810,-37.977840,-1.049452,39.355202,0.000000,0.000000,0.000000,-6.149383,18.267717,28.418999,30.805023,64.634979,134.437740,-25.959644,-5.972412,30.040154,0.000000,0.000000,0.000000,-8.714298,13.615995,20.255381,26.602863,54.671112,104.887510,-24.422897,-11.959665,29.020182,0.000000,0.000000,0.000000,-4.805027,-1.049683,23.401833,24.708477,57.475727,83.723770,-23.103060,-8.746945,19.891647,0.000000,0.000000,0.000000,-1.299050,-7.866200,35.537701,20.556459,73.546265,103.813910,-25.865925,-9.920399,24.670160,0.000000,0.000000,0.000000,-3.687817,0.093252,34.558693,22.715086,80.951996,112.200610,-27.346914,-11.855191,37.775925,0.000000,0.000000,0.000000,-0.798900,-2.522544,31.118086,23.895414,50.982098,108.530690,-20.699490,0.490305,17.583893,0.000000,0.000000,0.000000,0.514483,3.715062,13.489293,22.243864,32.562061,113.422490,-14.879220,6.094774,13.132478,0.000000,0.000000,0.000000,0.406459,4.935508,3.992535,18.349939,28.461237,102.858970,-12.016840,4.243921,15.392599,0.000000,0.000000,0.000000,-0.274999,1.203838,7.242640,17.304932,34.190884,88.051125,-13.208874,-8.653462,19.959866,0.000000,0.000000,0.000000,-3.077852,2.113676,20.189102,17.599035,38.982876,57.029945,-15.944674,-9.476772,24.633520,0.000000,0.000000,0.000000,-3.451400,5.667131,9.702658,17.052763,39.086796,61.611137,-13.575355,-10.931468,31.973837,0.000000,0.000000,0.000000,-4.015187,3.396993,10.683828,12.932224,33.720337,76.649757,-7.619359,-4.072375,17.726885,0.000000,0.000000,0.000000,-2.325988,5.330330,15.532782,10.793139,29.361950,59.422459,-4.443773,-1.213158,12.407959,0.000000,0.000000,0.000000,-1.942569,2.481570,4.788739,11.213055,33.000507,53.123188,-3.393717,-0.928461,13.546515,0.000000,0.000000,0.000000,-3.272520,1.418069,6.012343,8.170583,29.915024,49.084961,-4.235262,-1.186001,8.162534,0.000000,0.000000,0.000000,-2.082268,0.703606,8.477447,10.469190,28.145342,35.482845,-8.966251,2.136216,10.224701,0.000000,0.000000,0.000000,-2.303644,1.024507,4.423901,11.651177,39.038452,45.331661,-13.758407,-0.993899,11.469405,0.000000,0.000000,0.000000,-0.955494,0.234061,8.420604,10.463144,33.637253,40.188023,-9.710203,1.950755,3.331334,0.000000,0.000000,0.000000,-0.308870,1.267456,4.902165,14.006261,27.730936,29.692158,-6.736885,5.409514,3.674581,0.000000,0.000000,0.000000,1.024729,-2.832373,7.287974,14.637896,23.112101,35.203758,-7.892702,3.439716,8.074156,0.000000,0.000000,0.000000,-2.126452,-0.209157,-1.993593,13.549191,23.577522,26.610712,-7.000985,-2.295028,3.630115,0.000000,0.000000,0.000000,-2.131352,0.828197,0.154147,9.879588,24.789946,22.021467,-5.407845,-2.519048,-1.455982,0.000000,0.000000,0.000000,1.018514,2.002934,1.065761,11.476436,22.462980,28.395048,-3.848186,0.753146,1.917947,0.000000,0.000000,0.000000,0.865035,0.662929,7.725156,14.143026,25.955929,26.047134,-6.375687,-1.869735,1.534374,0.000000,0.000000,0.000000,-5.395509,-0.288199,9.869853,15.501088,28.289793,23.304581,-6.234651,0.522494,7.833388,0.000000,0.000000,0.000000,-3.163006,1.977707,4.689470,11.701564,31.874006,18.173029,-6.395999,1.437555,3.826833,0.000000,0.000000,0.000000,-2.830653,2.319164,3.356570,13.457611,31.781391,15.146851,-6.615688,0.165765,4.481934,0.000000,0.000000,0.000000,-4.388148,2.159940,3.326351,14.404026,21.953882,21.242052,-4.877041,-0.763413,3.587235,0.000000,0.000000,0.000000,-5.323198,0.601067,4.505437,11.080346,15.744913,20.717936,-4.439012,0.100704,1.287721,0.000000,0.000000,0.000000,-2.167573,0.525475,1.544117,10.973531,17.201986,17.754066,-4.681612,-0.739609,2.572268,0.000000,0.000000,0.000000,-3.087514,0.191019,0.190361,12.539971,16.259481,17.464861,-7.475292,1.146566,1.860603,0.000000,0.000000,0.000000,-2.054182,-3.262025,4.736377,10.374730,14.044647,17.074190,-5.012709,1.178668,1.277326,0.000000,0.000000,0.000000,0.561912,-1.755695,5.846167,9.384295,14.646056,13.279458,-2.896502,2.004710,1.399315,0.000000,0.000000,0.000000,-1.006975,-0.772669,1.848116,8.258189,17.685173,12.619614,-3.053137,-1.166217,2.135041,0.000000,0.000000,0.000000,-0.791782,1.968169,1.418868,8.933844,11.706741,14.106297,-1.279380,-0.432612,1.947387,0.000000,0.000000,0.000000,-0.560508,1.234799,3.460598,NaN,NaN,NaN,NaN,NaN,NaN,NaN,NaN,NaN,NaN,NaN,NaN,NaN,NaN,NaN,NaN,NaN,NaN,NaN,NaN,NaN,NaN,NaN,NaN,NaN,NaN,NaN,NaN,NaN,NaN,NaN,NaN,NaN,NaN,NaN,NaN,NaN,NaN,NaN,NaN,NaN,NaN,NaN,NaN,NaN,NaN,NaN,NaN,NaN,NaN,NaN,NaN,NaN,NaN,NaN,NaN,NaN,NaN,NaN,NaN,NaN,NaN,NaN,NaN,NaN,NaN,NaN,NaN,NaN,NaN,NaN,NaN,NaN,NaN,NaN,NaN,NaN,NaN,NaN,NaN,NaN,NaN,NaN,NaN,NaN,NaN,NaN,NaN,NaN,NaN,NaN,NaN,NaN,NaN,NaN,NaN,NaN,NaN,NaN,NaN,NaN,NaN,NaN,NaN,NaN,NaN,NaN,NaN,NaN,NaN,NaN,NaN,NaN,NaN,NaN,NaN,NaN,NaN,NaN,NaN,NaN,NaN,NaN,NaN,NaN,NaN,NaN,NaN,NaN,NaN,NaN,NaN,NaN,NaN,NaN,NaN,NaN,NaN,NaN,NaN,NaN,NaN,NaN,NaN,NaN,NaN,NaN,NaN,NaN,NaN,NaN,NaN,NaN,NaN,NaN,NaN,NaN,NaN,NaN,NaN,NaN,NaN,NaN,NaN,NaN,NaN,NaN,NaN,NaN,NaN,NaN,NaN,NaN,NaN,NaN,NaN,NaN,NaN,NaN,NaN,NaN,NaN,NaN,NaN,NaN,NaN,NaN,NaN,NaN,NaN,NaN,NaN,NaN,NaN,NaN,NaN,NaN,NaN,NaN,NaN,NaN,NaN,NaN,NaN,NaN,NaN,NaN,NaN,NaN,NaN,NaN,NaN,NaN,NaN,NaN,NaN,NaN,NaN,NaN,NaN,NaN,NaN,NaN,NaN,NaN,NaN,NaN,NaN,NaN,NaN,NaN,NaN,NaN,NaN,NaN,NaN,NaN,NaN,NaN,NaN,NaN,NaN,NaN,NaN,NaN,NaN,NaN,NaN,NaN,NaN,NaN,NaN,NaN,NaN,NaN,NaN,NaN,NaN,NaN,NaN,NaN,NaN,NaN,NaN,NaN,NaN,NaN,NaN,NaN,NaN,NaN,NaN,NaN,NaN,NaN,NaN,NaN,NaN,NaN,NaN,NaN,NaN,NaN,NaN,NaN,NaN,NaN,NaN,NaN,NaN,NaN,NaN,NaN,NaN,NaN,NaN,NaN,NaN,NaN,NaN,NaN,NaN,NaN,NaN,NaN,NaN,NaN,NaN,NaN,NaN,NaN,NaN,NaN,NaN,NaN,NaN,NaN,NaN,NaN,NaN,NaN,NaN,NaN,NaN,NaN,NaN,NaN,NaN,NaN,NaN,NaN,NaN,NaN,NaN,NaN,NaN,NaN,NaN,NaN,NaN,NaN,NaN,NaN,NaN,NaN,NaN,NaN,NaN,NaN,NaN,NaN,NaN,NaN,NaN,NaN,NaN,NaN,NaN,NaN,NaN,NaN,NaN,NaN,NaN,NaN,NaN,NaN,NaN,NaN,NaN,NaN,NaN,NaN,NaN,NaN,NaN,NaN,NaN,NaN,NaN,NaN,NaN,NaN,NaN,NaN,NaN,NaN,NaN,NaN,NaN,NaN,NaN,NaN,NaN,NaN,NaN,NaN,NaN,NaN,NaN,NaN,NaN,NaN,NaN,NaN,NaN,NaN,NaN,NaN,NaN,NaN,NaN,NaN,NaN,NaN,NaN,NaN,NaN,NaN,NaN,NaN,NaN,NaN,NaN,NaN,NaN,NaN,NaN,NaN,NaN,NaN,NaN,NaN,NaN,NaN,NaN,NaN,NaN,NaN,NaN,NaN,NaN,NaN,NaN,NaN,NaN,NaN,NaN,NaN,NaN,NaN,NaN,NaN,NaN,NaN,NaN,NaN,NaN,NaN,NaN,NaN,NaN,NaN,NaN,NaN,NaN,NaN,NaN,NaN,NaN,NaN,NaN,NaN,NaN,NaN,NaN,NaN,NaN,NaN,NaN,NaN,NaN,NaN,NaN,NaN,NaN,NaN,NaN,NaN,NaN,NaN,NaN,NaN,NaN,NaN,NaN,NaN,NaN,NaN,NaN,NaN,NaN,NaN,NaN,NaN,NaN,NaN,NaN,NaN,NaN,NaN,NaN,NaN,NaN,NaN,NaN,NaN,NaN,NaN,NaN,NaN,NaN,NaN,NaN,NaN,NaN,NaN,NaN,NaN,NaN,NaN,NaN,NaN,NaN,NaN,NaN,NaN,NaN,NaN,NaN,NaN,NaN,NaN,NaN,NaN,NaN,NaN,NaN,NaN,NaN,NaN,NaN,
SPECA,1354924298,1653302029.60,1653302131.60,33,NaN,NaN,NaN,NaN,NaN,NaN,NaN,NaN,NaN,NaN,NaN,NaN,NaN,NaN,NaN,NaN,NaN,NaN,NaN,NaN,NaN,NaN,NaN,NaN,NaN,NaN,NaN,NaN,NaN,NaN,NaN,NaN,NaN,NaN,NaN,NaN,101.126930,311.359740,100.516410,-70.605446,-22.619869,8.866702,0.000000,0.000000,0.000000,14.353274,-18.573067,22.799908,113.675040,338.670010,140.418260,-54.133495,4.313719,12.827460,0.000000,0.000000,0.000000,-4.939054,-5.267904,45.021526,176.905000,352.972500,309.539430,29.274538,30.844463,-32.716591,0.000000,0.000000,0.000000,0.385656,101.035930,102.114140,3463.329300,8060.372600,7604.705100,3917.286400,322.072080,1174.984500,0.000000,0.000000,0.000000,-669.289250,4564.853500,6728.280300,10610.005000,24655.342000,26433.549000,13064.160000,2205.305200,3940.225600,0.000000,0.000000,0.000000,-995.175900,15433.715000,23271.848000,5620.860800,12554.964000,14851.540000,6851.978000,1470.799400,2421.097400,0.000000,0.000000,0.000000,-419.483430,8209.005900,12163.610000,2138.675500,4001.014900,4966.000000,1967.271000,227.300320,903.476500,0.000000,0.000000,0.000000,-413.678220,2606.552500,3594.281700,838.898070,1344.057300,2121.004200,478.040800,27.823105,88.840454,0.000000,0.000000,0.000000,-146.492140,972.623110,1090.886000,336.511380,702.779300,984.038510,67.432755,46.332211,-100.678540,0.000000,0.000000,0.000000,16.582666,380.057100,435.366390,259.438840,479.935120,761.143310,-64.181694,41.209328,-57.837933,0.000000,0.000000,0.000000,57.521725,205.629970,292.290220,363.296630,592.159300,1087.825200,-141.688920,71.699379,-25.361895,0.000000,0.000000,0.000000,4.228487,96.677963,473.031890,755.144350,1192.897300,1662.308700,-591.008180,-92.654724,129.235780,0.000000,0.000000,0.000000,-1.006901,-130.240510,768.385010,513.660220,1116.658800,1418.390300,-479.227940,124.529560,-7.823063,0.000000,0.000000,0.000000,122.887680,-169.406250,631.130310,355.698360,833.153990,1248.442400,-320.374540,21.687677,145.319550,0.000000,0.000000,0.000000,-30.596191,13.866058,347.903350,338.711880,849.252200,1172.726600,-366.765440,53.870171,34.971321,0.000000,0.000000,0.000000,-28.190077,-50.777523,528.720700,289.722750,659.073240,901.007870,-258.313870,60.951397,50.386658,0.000000,0.000000,0.000000,-17.592772,28.618849,358.997620,278.961360,526.977420,796.978940,-189.325990,9.647431,108.205080,0.000000,0.000000,0.000000,-62.973831,156.364560,249.146550,246.357800,517.639220,688.976560,-197.890000,10.319023,48.497402,0.000000,0.000000,0.000000,-33.249321,87.635971,225.195190,352.175050,512.922610,676.153320,-234.352340,4.455776,-15.815871,0.000000,0.000000,0.000000,-56.624329,32.615501,131.282100,310.562320,467.296660,525.692200,-233.654300,42.861736,35.392879,0.000000,0.000000,0.000000,-10.436255,-56.003284,176.004290,193.175000,370.769710,421.281560,-144.710660,-15.341187,49.935516,0.000000,0.000000,0.000000,1.567734,-9.414371,132.126530,153.299910,440.540620,593.145140,-151.212590,-80.394310,74.795502,0.000000,0.000000,0.000000,-24.708672,-12.724744,219.406800,137.834470,461.169710,610.398190,-125.279870,-36.093304,73.661346,0.000000,0.000000,0.000000,-10.063189,-5.065328,304.066830,130.459270,339.591090,509.493530,-110.058420,21.348316,1.816754,0.000000,0.000000,0.000000,-9.720224,19.900936,175.711090,177.482790,374.234770,678.694210,-165.256480,-0.877435,68.548592,0.000000,0.000000,0.000000,17.305559,-22.279329,162.897960,176.933720,417.339690,717.043030,-192.869840,-28.033974,35.800846,0.000000,0.000000,0.000000,13.556068,-126.357340,239.891780,146.429960,348.979100,530.229740,-149.126430,-21.954102,29.076406,0.000000,0.000000,0.000000,-5.518948,-67.463280,162.546400,97.008255,281.058110,412.169890,-101.968220,-26.163713,51.738132,0.000000,0.000000,0.000000,-37.061775,2.171863,102.053860,103.931450,239.605100,493.350100,-89.257553,-32.962334,111.831890,0.000000,0.000000,0.000000,-29.828253,21.808357,86.639084,130.590840,285.080540,417.739750,-126.882060,-25.279472,73.219353,0.000000,0.000000,0.000000,-1.258931,0.319914,124.163350,115.296480,287.129330,308.766020,-121.261740,8.598736,-8.053866,0.000000,0.000000,0.000000,-7.925172,-24.941631,134.975420,73.986794,217.603910,333.685030,-68.357864,-6.888987,35.738678,0.000000,0.000000,0.000000,2.164532,-7.976512,136.109480,57.363590,215.714650,401.514680,-58.493912,-18.472799,99.014549,0.000000,0.000000,0.000000,-4.406395,-18.299376,169.818830,66.005150,166.625290,275.908140,-60.940395,-28.391172,70.215736,0.000000,0.000000,0.000000,-16.150759,-5.354889,81.384979,72.394440,132.723820,229.114170,-53.906197,5.878383,30.878088,0.000000,0.000000,0.000000,2.191603,22.726500,30.169350,47.076614,112.957360,186.949370,-39.254246,4.589772,25.251411,0.000000,0.000000,0.000000,-2.314157,19.688532,37.827675,36.223080,95.202324,155.062060,-33.677498,4.085829,5.448265,0.000000,0.000000,0.000000,3.074227,7.473248,41.172962,32.295784,79.511833,134.043330,-27.628056,7.678218,15.141285,0.000000,0.000000,0.000000,3.364876,8.834048,13.152336,32.601547,104.364520,149.962310,-29.451296,7.130260,34.191101,0.000000,0.000000,0.000000,7.852912,4.284388,19.934967,37.986477,78.062057,160.791410,-19.725174,1.387333,33.178097,0.000000,0.000000,0.000000,5.735788,-5.757293,38.567348,43.006016,76.423477,151.604170,-28.315096,0.724341,22.795521,0.000000,0.000000,0.000000,8.001240,-12.228064,43.188671,42.191845,80.465454,152.415470,-28.765038,10.996706,20.052940,0.000000,0.000000,0.000000,1.950399,-10.798869,52.792461,29.596207,71.657150,138.737840,-22.799459,4.466932,21.385784,0.000000,0.000000,0.000000,2.789183,6.098184,35.353275,22.088600,55.255634,111.972530,-15.833961,6.044368,7.010469,0.000000,0.000000,0.000000,1.462402,11.347150,22.074106,16.355410,45.942459,109.955990,-9.290770,3.763232,8.434479,0.000000,0.000000,0.000000,-0.625140,16.291775,21.088503,23.718475,42.794308,106.117810,-13.782259,-14.146200,26.740088,0.000000,0.000000,0.000000,-9.172674,9.110249,12.459133,21.044727,48.301437,73.439980,-18.400854,-8.063077,22.312704,0.000000,0.000000,0.000000,-8.584194,2.174588,8.785786,16.645481,47.307781,85.306656,-13.854812,-2.052638,14.025496,0.000000,0.000000,0.000000,2.920892,-0.474396,20.515553,18.360302,39.051067,82.007355,-11.378480,-0.843790,19.034529,0.000000,0.000000,0.000000,4.420556,3.647874,15.218430,16.227999,36.809467,72.066742,-13.203743,5.560513,13.108841,0.000000,0.000000,0.000000,1.369627,4.510669,3.442476,16.249739,31.132225,75.936073,-13.885721,0.704693,7.171270,0.000000,0.000000,0.000000,-3.274337,2.766763,7.062951,15.621703,24.035587,58.507736,-12.398814,0.990354,-0.882333,0.000000,0.000000,0.000000,-1.769668,3.807081,7.696079,14.253607,28.124386,37.926357,-13.333662,1.386846,-0.321228,0.000000,0.000000,0.000000,-1.296088,-0.453877,9.895342,9.630269,26.560764,40.169834,-9.945807,4.723278,-1.137665,0.000000,0.000000,0.000000,-0.205166,0.380276,4.145126,12.285957,25.338217,46.967602,-9.575113,0.511654,3.061973,0.000000,0.000000,0.000000,-2.880546,-0.173510,4.242131,15.065950,22.789206,59.504204,-9.679610,0.097775,4.646881,0.000000,0.000000,0.000000,-3.287666,-0.908741,8.391698,10.345881,19.533419,59.015831,-6.225010,0.466686,2.889444,0.000000,0.000000,0.000000,-1.036525,2.845054,5.707866,12.228064,24.683899,52.998722,-8.551542,4.315630,-2.323503,0.000000,0.000000,0.000000,-3.566985,6.074358,-0.027189,10.073066,31.026581,48.628063,-9.242204,2.953426,3.844302,0.000000,0.000000,0.000000,-3.523504,4.376623,-0.690498,9.653346,30.778870,36.685089,-9.776340,1.323029,3.319403,0.000000,0.000000,0.000000,0.418401,-0.291061,3.979884,11.232885,25.097895,30.590551,-8.710484,1.477296,1.851907,0.000000,0.000000,0.000000,-0.888745,0.327913,3.407277,12.764585,17.991920,30.757261,-8.731964,2.968224,2.846691,0.000000,0.000000,0.000000,-4.264239,5.868931,0.432337,11.563676,21.326105,29.372753,-7.820507,1.777287,-1.728642,0.000000,0.000000,0.000000,0.495384,5.896565,1.885874,12.920585,20.261938,30.011442,-4.016878,2.368365,1.645515,0.000000,0.000000,0.000000,-1.190513,7.205370,-1.647002,12.993087,20.229843,25.240486,-6.094448,1.691351,0.780065,0.000000,0.000000,0.000000,-3.541808,0.898566,-3.062867,13.642286,23.607662,25.552660,-7.942652,5.548937,0.281668,0.000000,0.000000,0.000000,-1.018663,0.793022,1.110076,14.090891,17.875874,27.851410,-7.286490,2.611706,1.323553,0.000000,0.000000,0.000000,-3.124221,2.315184,0.006040,18.529026,18.792465,28.449377,-10.650869,1.223770,-1.030802,0.000000,0.000000,0.000000,-3.243060,-2.517319,6.558812,17.850716,24.413916,25.474594,-12.931522,2.247261,-3.286658,0.000000,0.000000,0.000000,-1.848321,-5.317465,9.668086,14.526058,20.610161,21.037663,-9.300185,0.719234,-0.830599,0.000000,0.000000,0.000000,-0.258847,0.437405,1.114716,13.652584,19.206949,28.356279,-8.732444,-1.660848,2.245919,0.000000,0.000000,0.000000,-0.202374,-0.359395,1.710039,12.997631,14.752093,22.812540,-6.447196,-1.963732,0.408426,0.000000,0.000000,0.000000,-0.168074,-2.333434,3.721527,14.062982,13.806573,23.419672,-3.712906,-1.960123,-2.382814,0.000000,0.000000,0.000000,-0.563749,-0.338744,1.410799,10.763149,11.650954,21.822998,-4.554488,-1.820566,0.240180,0.000000,0.000000,0.000000,-2.404082,1.786215,0.050287,9.088889,14.188282,18.483421,-5.274202,0.344351,-0.400664,0.000000,0.000000,0.000000,-1.294691,0.407275,2.452385,11.636315,12.628696,18.641029,-4.562839,-1.003798,0.200683,0.000000,0.000000,0.000000,-0.242013,1.251073,2.626305,13.245505,11.556379,17.165051,-4.391596,-4.085019,1.457989,0.000000,0.000000,0.000000,-0.220285,3.519693,1.221350,13.041555,12.255534,14.396997,-4.668661,-0.991862,-2.239600,0.000000,0.000000,0.000000,-3.645885,-0.820565,2.175361,8.936510,9.587389,7.961215,-2.884574,0.371599,-0.999819,0.000000,0.000000,0.000000,-0.618949,-0.552069,0.115682,NaN,NaN,NaN,NaN,NaN,NaN,NaN,NaN,NaN,NaN,NaN,NaN,NaN,NaN,NaN,NaN,NaN,NaN,NaN,NaN,NaN,NaN,NaN,NaN,NaN,NaN,NaN,NaN,NaN,NaN,NaN,NaN,NaN,NaN,NaN,NaN,NaN,NaN,NaN,NaN,NaN,NaN,NaN,NaN,NaN,NaN,NaN,NaN,NaN,NaN,NaN,NaN,NaN,NaN,NaN,NaN,NaN,NaN,NaN,NaN,NaN,NaN,NaN,NaN,NaN,NaN,NaN,NaN,NaN,NaN,NaN,NaN,NaN,NaN,NaN,NaN,NaN,NaN,NaN,NaN,NaN,NaN,NaN,NaN,NaN,NaN,NaN,NaN,NaN,NaN,NaN,NaN,NaN,NaN,NaN,NaN,NaN,NaN,NaN,NaN,NaN,NaN,NaN,NaN,NaN,NaN,NaN,NaN,NaN,NaN,NaN,NaN,NaN,NaN,NaN,NaN,NaN,NaN,NaN,NaN,NaN,NaN,NaN,NaN,NaN,NaN,NaN,NaN,NaN,NaN,NaN,NaN,NaN,NaN,NaN,NaN,NaN,NaN,NaN,NaN,NaN,NaN,NaN,NaN,NaN,NaN,NaN,NaN,NaN,NaN,NaN,NaN,NaN,NaN,NaN,NaN,NaN,NaN,NaN,NaN,NaN,NaN,NaN,NaN,NaN,NaN,NaN,NaN,NaN,NaN,NaN,NaN,NaN,NaN,NaN,NaN,NaN,NaN,NaN,NaN,NaN,NaN,NaN,NaN,NaN,NaN,NaN,NaN,NaN,NaN,NaN,NaN,NaN,NaN,NaN,NaN,NaN,NaN,NaN,NaN,NaN,NaN,NaN,NaN,NaN,NaN,NaN,NaN,NaN,NaN,NaN,NaN,NaN,NaN,NaN,NaN,NaN,NaN,NaN,NaN,NaN,NaN,NaN,NaN,NaN,NaN,NaN,NaN,NaN,NaN,NaN,NaN,NaN,NaN,NaN,NaN,NaN,NaN,NaN,NaN,NaN,NaN,NaN,NaN,NaN,NaN,NaN,NaN,NaN,NaN,NaN,NaN,NaN,NaN,NaN,NaN,NaN,NaN,NaN,NaN,NaN,NaN,NaN,NaN,NaN,NaN,NaN,NaN,NaN,NaN,NaN,NaN,NaN,NaN,NaN,NaN,NaN,NaN,NaN,NaN,NaN,NaN,NaN,NaN,NaN,NaN,NaN,NaN,NaN,NaN,NaN,NaN,NaN,NaN,NaN,NaN,NaN,NaN,NaN,NaN,NaN,NaN,NaN,NaN,NaN,NaN,NaN,NaN,NaN,NaN,NaN,NaN,NaN,NaN,NaN,NaN,NaN,NaN,NaN,NaN,NaN,NaN,NaN,NaN,NaN,NaN,NaN,NaN,NaN,NaN,NaN,NaN,NaN,NaN,NaN,NaN,NaN,NaN,NaN,NaN,NaN,NaN,NaN,NaN,NaN,NaN,NaN,NaN,NaN,NaN,NaN,NaN,NaN,NaN,NaN,NaN,NaN,NaN,NaN,NaN,NaN,NaN,NaN,NaN,NaN,NaN,NaN,NaN,NaN,NaN,NaN,NaN,NaN,NaN,NaN,NaN,NaN,NaN,NaN,NaN,NaN,NaN,NaN,NaN,NaN,NaN,NaN,NaN,NaN,NaN,NaN,NaN,NaN,NaN,NaN,NaN,NaN,NaN,NaN,NaN,NaN,NaN,NaN,NaN,NaN,NaN,NaN,NaN,NaN,NaN,NaN,NaN,NaN,NaN,NaN,NaN,NaN,NaN,NaN,NaN,NaN,NaN,NaN,NaN,NaN,NaN,NaN,NaN,NaN,NaN,NaN,NaN,NaN,NaN,NaN,NaN,NaN,NaN,NaN,NaN,NaN,NaN,NaN,NaN,NaN,NaN,NaN,NaN,NaN,NaN,NaN,NaN,NaN,NaN,NaN,NaN,NaN,NaN,NaN,NaN,NaN,NaN,NaN,NaN,NaN,NaN,NaN,NaN,NaN,NaN,NaN,NaN,NaN,NaN,NaN,NaN,NaN,NaN,NaN,NaN,NaN,NaN,NaN,NaN,NaN,NaN,NaN,NaN,NaN,NaN,NaN,NaN,NaN,NaN,NaN,NaN,NaN,NaN,NaN,NaN,NaN,NaN,NaN,NaN,NaN,NaN,NaN,NaN,NaN,NaN,NaN,NaN,NaN,NaN,NaN,NaN,NaN,NaN,NaN,NaN,NaN,NaN,NaN,NaN,NaN,NaN,NaN,NaN,NaN,NaN,NaN,NaN,NaN,NaN,NaN,NaN,NaN,NaN,NaN,NaN,NaN,NaN,NaN,NaN,NaN,NaN,NaN,NaN,NaN,NaN,NaN,NaN,
SPECA,1356722372,1653303829.60,1653303931.60,33,NaN,NaN,NaN,NaN,NaN,NaN,NaN,NaN,NaN,NaN,NaN,NaN,NaN,NaN,NaN,NaN,NaN,NaN,NaN,NaN,NaN,NaN,NaN,NaN,NaN,NaN,NaN,NaN,NaN,NaN,NaN,NaN,NaN,NaN,NaN,NaN,79.416985,93.685112,28.898863,-42.710060,7.574558,-2.989690,0.000000,0.000000,0.000000,-7.278455,5.412845,-6.299481,58.354942,89.366844,23.894199,-27.226299,0.669192,-2.940893,0.000000,0.000000,0.000000,5.819289,1.512369,4.995878,351.545990,354.903350,260.171200,-6.678548,102.192410,-12.783197,0.000000,0.000000,0.000000,68.406738,121.916440,95.021820,3297.396500,5364.156300,6359.982400,3208.452400,1139.824700,974.989010,0.000000,0.000000,0.000000,301.706730,3955.458700,5166.702100,6599.688000,17600.074000,17351.994000,8327.164100,2334.491700,1618.803300,0.000000,0.000000,0.000000,1340.157000,9514.402300,15696.181000,3423.956500,8202.505900,8347.156300,3428.895300,1101.104200,1052.430400,0.000000,0.000000,0.000000,349.674710,4363.278300,6986.542500,899.950620,1786.452900,1707.313400,556.966550,90.337265,231.895320,0.000000,0.000000,0.000000,-17.138327,844.577880,1377.115700,295.663600,989.190980,936.147890,164.142700,-54.202953,162.160550,0.000000,0.000000,0.000000,-49.319485,320.325200,789.595210,217.770980,566.369750,497.964720,-55.366920,-14.234172,52.990414,0.000000,0.000000,0.000000,-37.416904,121.349120,362.024200,163.383190,392.827270,518.364690,-102.642270,16.778187,59.575596,0.000000,0.000000,0.000000,-31.203144,60.517334,256.756470,245.538770,609.011050,953.820920,-268.172090,-9.236540,145.976350,0.000000,0.000000,0.000000,-39.018147,-104.811170,377.000340,465.980010,859.632690,1572.699000,-454.587430,99.346443,106.094690,0.000000,0.000000,0.000000,5.823236,-35.743988,390.211760,336.227630,671.704040,1011.866900,-332.563600,84.869476,-46.913593,0.000000,0.000000,0.000000,26.531269,35.080181,207.934840,276.880980,650.332890,687.723210,-269.630220,30.417076,5.240032,0.000000,0.000000,0.000000,8.645346,16.942753,230.042080,248.249400,556.702450,639.856810,-175.660690,-24.269447,62.830544,0.000000,0.000000,0.000000,-63.693409,73.998337,302.454680,196.782230,544.114140,566.409480,-185.491130,-64.023605,118.335600,0.000000,0.000000,0.000000,-29.714512,61.552170,220.614040,161.130070,452.004030,697.160220,-124.819440,-42.243279,172.606570,0.000000,0.000000,0.000000,-28.060093,115.855670,165.008670,196.683140,525.792790,754.145810,-146.489840,70.396294,25.905617,0.000000,0.000000,0.000000,18.154875,62.295158,289.604680,216.866790,540.384700,673.915770,-192.632510,105.720340,-67.372162,0.000000,0.000000,0.000000,34.917316,24.984915,285.661130,197.726500,471.502870,691.508420,-212.163310,57.386600,38.030754,0.000000,0.000000,0.000000,-7.345588,16.138775,212.677190,174.403370,354.703000,481.817660,-133.995860,16.357010,67.865974,0.000000,0.000000,0.000000,-2.255451,6.592650,177.106920,180.758120,330.274480,369.931790,-114.134960,-18.361103,108.104600,0.000000,0.000000,0.000000,8.591187,16.817566,77.710854,107.583080,354.155270,418.418460,-63.852413,-9.055155,73.572731,0.000000,0.000000,0.000000,31.655235,39.657913,125.677320,109.778100,358.053590,520.461730,-79.519814,30.974800,60.353210,0.000000,0.000000,0.000000,49.938770,46.229942,190.820570,137.115480,383.277400,648.875000,-144.165530,34.513783,85.986183,0.000000,0.000000,0.000000,47.034077,-0.410789,181.303910,160.550890,378.966550,463.104000,-169.994580,-40.058048,117.409100,0.000000,0.000000,0.000000,-6.180933,-0.729503,118.239160,162.103650,343.553740,379.977170,-169.411640,-38.323887,75.726379,0.000000,0.000000,0.000000,-11.549238,-66.154564,146.637480,143.636670,274.095950,490.740570,-109.888400,20.107319,38.791462,0.000000,0.000000,0.000000,5.927044,-44.327038,167.360150,113.913310,233.574340,317.201420,-88.979652,11.548235,4.903299,0.000000,0.000000,0.000000,10.672283,-20.021557,152.300090,98.923676,234.436220,238.194870,-86.608803,29.592035,12.751061,0.000000,0.000000,0.000000,43.464493,-9.847631,89.929916,91.178391,184.142040,310.139160,-81.567444,20.686951,39.154270,0.000000,0.000000,0.000000,25.149424,-12.474228,71.660507,86.104446,168.626130,304.842990,-75.511505,-11.703862,50.376064,0.000000,0.000000,0.000000,7.479004,-5.949189,50.526703,62.803452,125.927860,195.806370,-52.046776,-13.006320,34.645245,0.000000,0.000000,0.000000,12.019988,-11.908003,54.956192,54.221664,136.879410,218.741500,-59.908222,-16.266077,42.410793,0.000000,0.000000,0.000000,7.887139,-33.894264,76.323532,39.192623,99.186241,164.900390,-35.550644,2.164078,2.898630,0.000000,0.000000,0.000000,11.007534,-9.058423,35.473484,44.036419,117.172360,168.966020,-35.897320,11.729334,11.838149,0.000000,0.000000,0.000000,3.837966,3.932502,42.318184,43.824581,88.406982,159.016490,-32.739670,1.544692,13.317581,0.000000,0.000000,0.000000,-5.636633,-6.646620,41.788456,32.453373,57.552456,139.878300,-19.532042,10.892386,-0.303013,0.000000,0.000000,0.000000,7.134331,10.632613,5.885232,34.821411,54.536564,150.456070,-13.428877,10.183795,9.503988,0.000000,0.000000,0.000000,9.164948,18.661018,18.518335,38.422726,56.377869,127.237810,-18.193224,6.313706,13.870250,0.000000,0.000000,0.000000,2.134674,6.927577,27.865860,34.605984,51.891693,129.688220,-11.806225,5.575492,19.285782,0.000000,0.000000,0.000000,0.407818,1.998742,13.824144,23.422890,47.713039,79.183899,-11.743087,1.492945,8.504281,0.000000,0.000000,0.000000,-3.041219,3.362943,-1.114674,17.417856,41.674690,79.294563,-12.433881,-6.807267,11.421750,0.000000,0.000000,0.000000,-0.137615,4.857250,6.322804,16.961622,31.110332,83.944344,-6.939597,-1.676112,13.742911,0.000000,0.000000,0.000000,-3.748375,5.178081,6.209275,17.570143,24.692762,82.683357,-7.711799,6.213401,9.527573,0.000000,0.000000,0.000000,1.956056,0.173266,6.215896,19.584606,25.807816,62.528458,-11.940084,4.933329,-0.961106,0.000000,0.000000,0.000000,2.689796,1.868194,3.049418,14.086494,29.267525,73.481888,-7.847478,0.185952,1.166989,0.000000,0.000000,0.000000,-3.019617,4.710349,4.811026,10.921073,38.559540,70.938507,-9.702456,-7.207622,2.266735,0.000000,0.000000,0.000000,-3.558409,-1.501698,16.310623,11.991462,30.997322,58.526081,-11.878228,-5.808282,-0.560475,0.000000,0.000000,0.000000,-0.115965,-5.874526,13.353546,14.481461,25.650045,63.782463,-13.224925,-4.097104,1.720537,0.000000,0.000000,0.000000,0.553743,-2.631601,10.180930,16.349184,17.834223,58.162537,-9.740529,1.472362,1.053913,0.000000,0.000000,0.000000,-0.188173,2.854241,2.923385,13.806593,18.854485,63.794060,-7.075238,3.544380,10.597011,0.000000,0.000000,0.000000,-1.059143,8.080049,-0.275488,9.631540,19.649137,55.983406,-5.459191,2.354281,2.327965,0.000000,0.000000,0.000000,1.606603,3.746719,-0.895746,10.572181,18.653271,49.848591,-7.018942,3.788012,-5.301990,0.000000,0.000000,0.000000,0.421277,2.304561,0.483689,9.894392,16.383982,44.741604,-5.533812,3.037978,1.498957,0.000000,0.000000,0.000000,0.896912,4.492805,4.258477,11.689183,19.952946,54.907738,-7.146842,9.636458,-3.491631,0.000000,0.000000,0.000000,3.257395,2.494024,9.274153,10.984789,18.538563,38.624687,-6.214715,6.587718,-5.180387,0.000000,0.000000,0.000000,3.622256,6.104474,2.582723,10.445647,14.422488,30.853662,-5.171165,1.852178,0.169905,0.000000,0.000000,0.000000,0.656707,7.456737,-3.501829,8.799148,13.689175,31.848761,-3.488573,2.104796,-0.454005,0.000000,0.000000,0.000000,-0.455882,4.458365,-2.506649,9.088478,18.341526,34.838280,-6.074080,-0.284324,-3.871820,0.000000,0.000000,0.000000,0.733335,1.879382,1.647505,10.683396,23.864246,27.558573,-9.582554,4.068079,-1.824034,0.000000,0.000000,0.000000,-0.049195,-2.609206,10.598716,11.256310,16.233305,27.256039,-4.867447,4.275833,-0.771710,0.000000,0.000000,0.000000,0.494821,-1.754585,7.840977,10.631424,15.727682,28.030100,-5.210978,0.726508,0.504910,0.000000,0.000000,0.000000,-0.113785,-2.902112,5.848049,9.892303,13.322321,33.646397,-3.937458,-4.134447,-0.366195,0.000000,0.000000,0.000000,-2.579296,-3.077910,7.070483,11.107707,12.526842,27.680910,-4.682161,-0.070051,-1.064358,0.000000,0.000000,0.000000,-1.435666,4.348792,2.277218,11.480905,20.085478,23.387413,-7.925322,3.502643,-3.558382,0.000000,0.000000,0.000000,-0.198263,0.019446,6.059211,11.265821,19.149961,25.857613,-7.038809,2.770478,-3.606925,0.000000,0.000000,0.000000,-1.552701,-0.489171,6.510342,11.178614,22.643473,17.526165,-8.388617,-3.287164,2.311923,0.000000,0.000000,0.000000,-3.709311,-0.481571,5.448098,9.896821,17.668079,16.756449,-6.358591,-1.481606,1.603546,0.000000,0.000000,0.000000,-1.723372,0.352877,3.412653,8.588232,14.391068,15.950828,-1.232170,1.052974,-0.748330,0.000000,0.000000,0.000000,-1.986637,1.230162,3.469814,8.647191,17.186090,19.047560,-3.512719,1.679865,-2.897995,0.000000,0.000000,0.000000,-2.094657,-0.142089,3.418770,10.612531,15.446904,26.064917,-5.421108,-0.980642,0.477724,0.000000,0.000000,0.000000,-0.457565,-1.404181,4.915807,9.411445,13.187290,17.067862,-3.516452,-1.014187,1.853885,0.000000,0.000000,0.000000,0.650587,-1.270765,1.509750,9.169395,16.858278,13.513474,-3.960392,1.579220,-1.201698,0.000000,0.000000,0.000000,0.963131,-1.369774,2.313262,8.426465,11.255376,11.177283,-2.604668,0.723017,-1.177757,0.000000,0.000000,0.000000,-1.082161,1.126282,-0.225639,9.270430,7.768395,12.923376,-1.798043,-0.328383,-0.799549,0.000000,0.000000,0.000000,-1.178886,0.443754,1.426946,9.481613,7.632925,10.299952,-3.205070,-1.054881,0.843967,0.000000,0.000000,0.000000,0.359526,-1.356247,1.942653,9.239128,8.098939,7.675020,-4.109300,-1.047909,-0.402086,0.000000,0.000000,0.000000,0.352918,0.060778,-0.252817,8.916813,6.906751,9.339102,-4.313073,0.173241,-1.650380,0.000000,0.000000,0.000000,2.343940,0.560963,-0.664087,NaN,NaN,NaN,NaN,NaN,NaN,NaN,NaN,NaN,NaN,NaN,NaN,NaN,NaN,NaN,NaN,NaN,NaN,NaN,NaN,NaN,NaN,NaN,NaN,NaN,NaN,NaN,NaN,NaN,NaN,NaN,NaN,NaN,NaN,NaN,NaN,NaN,NaN,NaN,NaN,NaN,NaN,NaN,NaN,NaN,NaN,NaN,NaN,NaN,NaN,NaN,NaN,NaN,NaN,NaN,NaN,NaN,NaN,NaN,NaN,NaN,NaN,NaN,NaN,NaN,NaN,NaN,NaN,NaN,NaN,NaN,NaN,NaN,NaN,NaN,NaN,NaN,NaN,NaN,NaN,NaN,NaN,NaN,NaN,NaN,NaN,NaN,NaN,NaN,NaN,NaN,NaN,NaN,NaN,NaN,NaN,NaN,NaN,NaN,NaN,NaN,NaN,NaN,NaN,NaN,NaN,NaN,NaN,NaN,NaN,NaN,NaN,NaN,NaN,NaN,NaN,NaN,NaN,NaN,NaN,NaN,NaN,NaN,NaN,NaN,NaN,NaN,NaN,NaN,NaN,NaN,NaN,NaN,NaN,NaN,NaN,NaN,NaN,NaN,NaN,NaN,NaN,NaN,NaN,NaN,NaN,NaN,NaN,NaN,NaN,NaN,NaN,NaN,NaN,NaN,NaN,NaN,NaN,NaN,NaN,NaN,NaN,NaN,NaN,NaN,NaN,NaN,NaN,NaN,NaN,NaN,NaN,NaN,NaN,NaN,NaN,NaN,NaN,NaN,NaN,NaN,NaN,NaN,NaN,NaN,NaN,NaN,NaN,NaN,NaN,NaN,NaN,NaN,NaN,NaN,NaN,NaN,NaN,NaN,NaN,NaN,NaN,NaN,NaN,NaN,NaN,NaN,NaN,NaN,NaN,NaN,NaN,NaN,NaN,NaN,NaN,NaN,NaN,NaN,NaN,NaN,NaN,NaN,NaN,NaN,NaN,NaN,NaN,NaN,NaN,NaN,NaN,NaN,NaN,NaN,NaN,NaN,NaN,NaN,NaN,NaN,NaN,NaN,NaN,NaN,NaN,NaN,NaN,NaN,NaN,NaN,NaN,NaN,NaN,NaN,NaN,NaN,NaN,NaN,NaN,NaN,NaN,NaN,NaN,NaN,NaN,NaN,NaN,NaN,NaN,NaN,NaN,NaN,NaN,NaN,NaN,NaN,NaN,NaN,NaN,NaN,NaN,NaN,NaN,NaN,NaN,NaN,NaN,NaN,NaN,NaN,NaN,NaN,NaN,NaN,NaN,NaN,NaN,NaN,NaN,NaN,NaN,NaN,NaN,NaN,NaN,NaN,NaN,NaN,NaN,NaN,NaN,NaN,NaN,NaN,NaN,NaN,NaN,NaN,NaN,NaN,NaN,NaN,NaN,NaN,NaN,NaN,NaN,NaN,NaN,NaN,NaN,NaN,NaN,NaN,NaN,NaN,NaN,NaN,NaN,NaN,NaN,NaN,NaN,NaN,NaN,NaN,NaN,NaN,NaN,NaN,NaN,NaN,NaN,NaN,NaN,NaN,NaN,NaN,NaN,NaN,NaN,NaN,NaN,NaN,NaN,NaN,NaN,NaN,NaN,NaN,NaN,NaN,NaN,NaN,NaN,NaN,NaN,NaN,NaN,NaN,NaN,NaN,NaN,NaN,NaN,NaN,NaN,NaN,NaN,NaN,NaN,NaN,NaN,NaN,NaN,NaN,NaN,NaN,NaN,NaN,NaN,NaN,NaN,NaN,NaN,NaN,NaN,NaN,NaN,NaN,NaN,NaN,NaN,NaN,NaN,NaN,NaN,NaN,NaN,NaN,NaN,NaN,NaN,NaN,NaN,NaN,NaN,NaN,NaN,NaN,NaN,NaN,NaN,NaN,NaN,NaN,NaN,NaN,NaN,NaN,NaN,NaN,NaN,NaN,NaN,NaN,NaN,NaN,NaN,NaN,NaN,NaN,NaN,NaN,NaN,NaN,NaN,NaN,NaN,NaN,NaN,NaN,NaN,NaN,NaN,NaN,NaN,NaN,NaN,NaN,NaN,NaN,NaN,NaN,NaN,NaN,NaN,NaN,NaN,NaN,NaN,NaN,NaN,NaN,NaN,NaN,NaN,NaN,NaN,NaN,NaN,NaN,NaN,NaN,NaN,NaN,NaN,NaN,NaN,NaN,NaN,NaN,NaN,NaN,NaN,NaN,NaN,NaN,NaN,NaN,NaN,NaN,NaN,NaN,NaN,NaN,NaN,NaN,NaN,NaN,NaN,NaN,NaN,NaN,NaN,NaN,NaN,NaN,NaN,NaN,NaN,NaN,NaN,NaN,NaN,NaN,NaN,NaN,NaN,NaN,NaN,NaN,NaN,NaN,NaN,NaN,NaN,NaN,NaN,NaN,NaN,
SPECA,1358520549,1653305629.60,1653305731.60,33,NaN,NaN,NaN,NaN,NaN,NaN,NaN,NaN,NaN,NaN,NaN,NaN,NaN,NaN,NaN,NaN,NaN,NaN,NaN,NaN,NaN,NaN,NaN,NaN,NaN,NaN,NaN,NaN,NaN,NaN,NaN,NaN,NaN,NaN,NaN,NaN,105.727570,141.907010,30.995935,-23.736008,-11.116930,3.031417,0.000000,0.000000,0.000000,-8.481804,6.519700,-20.241173,124.423230,202.821030,51.905655,0.966672,-7.974732,4.786019,0.000000,0.000000,0.000000,-6.295529,4.489199,-28.005308,255.474700,410.219640,160.524690,135.982060,33.168224,42.039509,0.000000,0.000000,0.000000,-46.027897,66.273209,57.383606,3516.886700,7603.675300,7490.577100,3573.474400,358.350160,1794.002800,0.000000,0.000000,0.000000,-819.241940,4520.752400,6445.709500,7964.203600,22854.988000,22989.596000,10317.271000,949.679870,3390.912400,0.000000,0.000000,0.000000,-1112.773300,12499.813000,20573.965000,3940.485400,12543.003000,12787.093000,4697.005400,690.402530,2351.127200,0.000000,0.000000,0.000000,-491.492680,6277.629400,11018.074000,1121.656900,3298.080800,3264.001500,1031.932600,89.447922,576.408750,0.000000,0.000000,0.000000,-250.170900,1461.890100,2740.685500,523.156860,1385.985500,1555.048600,228.119510,-94.261375,58.717430,0.000000,0.000000,0.000000,-114.627020,591.389770,1096.522200,261.355990,608.888000,797.662230,0.012131,48.270367,-72.078064,0.000000,0.000000,0.000000,64.243347,281.512600,379.544130,271.068390,415.341890,812.324160,-73.725098,60.019547,-102.050760,0.000000,0.000000,0.000000,57.181667,254.391340,222.995790,318.511780,605.682250,1070.115700,-178.328870,-67.534683,-26.573616,0.000000,0.000000,0.000000,-11.948996,4.688804,353.465090,436.624300,858.478390,1446.446700,-354.483280,-131.764300,55.988121,0.000000,0.000000,0.000000,-38.539745,-118.416110,484.585240,462.983030,690.022220,1398.654300,-350.633610,-167.061630,116.983720,0.000000,0.000000,0.000000,-60.134979,39.868347,270.317900,274.266820,577.909240,1124.414800,-258.221280,-123.779420,166.275210,0.000000,0.000000,0.000000,-53.936760,38.965782,182.612200,227.427630,482.168980,755.782290,-172.832200,-62.702888,124.927710,0.000000,0.000000,0.000000,-47.254555,70.062462,150.751340,280.349880,541.913210,674.774290,-253.287110,-4.912353,49.180984,0.000000,0.000000,0.000000,-44.420815,101.365320,130.750210,274.930300,606.734920,793.576480,-239.408170,-12.424995,98.734711,0.000000,0.000000,0.000000,-37.639385,118.474560,296.474850,291.249730,697.017520,755.971250,-236.605440,45.952789,114.959660,0.000000,0.000000,0.000000,-105.895020,159.123990,222.737500,342.247650,603.779540,806.752440,-270.054140,-19.246679,242.063610,0.000000,0.000000,0.000000,-118.955210,122.404320,142.509430,261.593050,467.465150,890.295170,-184.022870,-63.330368,279.505370,0.000000,0.000000,0.000000,-85.395134,132.970120,80.944595,189.841250,512.116210,792.250240,-186.476010,-113.100220,266.832280,0.000000,0.000000,0.000000,-70.023895,9.341973,239.665150,142.996120,520.009580,620.610050,-161.184800,-101.462940,186.747790,0.000000,0.000000,0.000000,-58.897736,-34.750252,280.579040,136.330250,454.060270,485.994170,-155.730150,23.132153,-51.905796,0.000000,0.000000,0.000000,-6.445840,-30.416672,237.059980,145.266510,359.022800,472.240840,-139.569760,46.292820,-42.128262,0.000000,0.000000,0.000000,-12.313709,-1.299515,123.490520,115.814260,317.255860,595.989500,-86.338844,-25.887775,60.983482,0.000000,0.000000,0.000000,-19.567814,-35.494610,132.378020,135.191730,264.413060,501.915220,-84.548447,-1.460464,16.572090,0.000000,0.000000,0.000000,1.184649,-57.590672,44.132805,143.117610,322.238400,445.903110,-121.582200,-11.454343,27.286402,0.000000,0.000000,0.000000,32.841930,-66.218636,105.433150,119.083800,253.307210,361.313540,-115.307710,7.294780,-14.603982,0.000000,0.000000,0.000000,-13.796991,-24.065117,91.296005,119.460750,267.246340,369.347440,-119.692860,-1.113794,28.844788,0.000000,0.000000,0.000000,-2.577197,-20.830433,114.302740,94.721367,278.903410,391.973880,-108.632930,-25.423624,68.783188,0.000000,0.000000,0.000000,-8.149878,-28.062277,130.434490,72.398750,237.518450,298.441500,-90.610466,-14.701544,54.119492,0.000000,0.000000,0.000000,6.444371,-27.510378,104.991160,74.261032,171.126500,315.399990,-66.430252,-8.531004,56.821037,0.000000,0.000000,0.000000,13.853470,-31.968685,87.416649,81.400757,154.302700,233.623750,-69.759880,-12.710453,54.479935,0.000000,0.000000,0.000000,15.724572,-22.451527,55.088795,68.039330,133.184800,254.028270,-62.038982,-18.997643,58.389935,0.000000,0.000000,0.000000,3.779085,-25.493511,56.925224,59.612465,110.231790,214.678050,-55.170753,-12.257900,15.146152,0.000000,0.000000,0.000000,-9.780524,-17.802872,82.171371,51.193024,148.438170,227.057430,-53.785400,20.403618,-18.203547,0.000000,0.000000,0.000000,7.154347,-25.743567,104.241130,37.428017,122.222830,228.355870,-37.835194,16.394567,-13.073157,0.000000,0.000000,0.000000,10.937721,-6.620225,43.205814,30.477774,84.471809,218.157620,-33.156532,-10.639534,17.338327,0.000000,0.000000,0.000000,2.788495,-16.732702,45.408260,35.049000,57.957520,136.384980,-25.563528,-4.095653,21.906151,0.000000,0.000000,0.000000,-4.474643,3.308654,17.688747,38.340290,59.760666,169.596020,-28.677494,-12.494695,29.755066,0.000000,0.000000,0.000000,-5.154578,-7.627510,33.586151,31.244202,61.242130,153.831790,-23.692488,-18.952726,36.755913,0.000000,0.000000,0.000000,1.602288,-17.245422,32.883076,26.500334,54.448593,181.184750,-20.047098,-7.182786,35.175488,0.000000,0.000000,0.000000,-1.714118,-5.126771,30.855459,23.119310,52.283127,137.297530,-15.953386,-7.306037,26.621937,0.000000,0.000000,0.000000,-6.439067,6.461498,28.970310,23.204784,42.536549,129.202760,-15.822731,2.584990,27.156496,0.000000,0.000000,0.000000,-0.093016,-5.816243,27.113625,22.614616,38.189510,89.405403,-13.355239,-2.162538,16.267120,0.000000,0.000000,0.000000,-1.611232,-2.777299,17.611656,17.317276,33.531837,71.351929,-12.622015,-11.214484,11.229424,0.000000,0.000000,0.000000,-6.539898,-10.888878,26.980011,16.315092,38.490791,57.970703,-10.165266,-1.677470,11.219270,0.000000,0.000000,0.000000,-2.982180,-4.187391,16.436670,17.112532,36.484444,78.361931,-14.247151,0.888177,3.820499,0.000000,0.000000,0.000000,0.992118,1.822861,8.147874,14.989474,25.961676,66.750435,-9.270197,-0.959591,4.191102,0.000000,0.000000,0.000000,-0.409005,-2.036789,0.460397,19.566111,25.492647,56.066158,-13.588304,-5.618326,12.919923,0.000000,0.000000,0.000000,-2.560835,1.099209,-1.081884,20.059198,25.200716,54.376156,-16.044373,-5.655168,10.407974,0.000000,0.000000,0.000000,-1.873699,2.712090,3.208315,16.771910,22.055023,57.287010,-13.095385,-4.606458,12.444947,0.000000,0.000000,0.000000,-2.329060,2.002540,1.870301,15.373342,20.046423,56.455414,-9.400037,-0.201234,7.772222,0.000000,0.000000,0.000000,-0.799635,5.623663,-2.910233,13.582129,20.816177,58.488674,-7.728085,-8.023076,14.734854,0.000000,0.000000,0.000000,-1.906417,1.192439,5.942834,12.872350,29.640043,68.875427,-10.720944,-11.691399,21.328392,0.000000,0.000000,0.000000,-2.076640,-4.405827,13.539016,9.249546,21.846106,68.178726,-6.527207,-10.639612,15.524056,0.000000,0.000000,0.000000,-0.771245,-4.815821,10.213599,7.343297,15.520721,54.809963,-4.684296,-6.719479,4.496792,0.000000,0.000000,0.000000,-0.349660,-2.881205,9.856873,14.713614,24.508760,37.464466,-10.196852,-6.355411,10.188849,0.000000,0.000000,0.000000,-0.399603,0.065066,8.075655,15.236467,24.191940,42.401604,-10.652949,-4.996451,9.720456,0.000000,0.000000,0.000000,-3.366203,0.716755,1.030700,14.402335,16.959711,58.243286,-9.070489,0.846224,4.707584,0.000000,0.000000,0.000000,-2.389053,0.034838,4.199776,13.127332,14.712801,46.215931,-7.501377,0.865878,4.318474,0.000000,0.000000,0.000000,-1.040492,1.795827,3.572557,13.913089,18.533794,32.533756,-7.464332,-2.801920,4.134671,0.000000,0.000000,0.000000,0.172929,1.115186,5.472338,15.840920,22.728609,30.360786,-10.628689,0.819394,1.055259,0.000000,0.000000,0.000000,0.199257,-1.868840,2.555114,15.632449,18.662537,34.373138,-9.659514,4.898905,-2.731162,0.000000,0.000000,0.000000,-0.321709,-2.290197,3.002790,13.289363,17.331308,31.598320,-6.351009,1.732263,0.496355,0.000000,0.000000,0.000000,0.848178,4.557979,1.696113,15.214808,20.072124,27.704124,-7.120160,-2.164178,0.869679,0.000000,0.000000,0.000000,-1.072768,0.406706,2.708048,17.581944,23.105511,22.171423,-8.008038,-1.239396,0.164608,0.000000,0.000000,0.000000,-1.131306,-0.467151,4.783925,10.861710,22.439054,25.607847,-6.558700,1.055200,-4.277887,0.000000,0.000000,0.000000,0.162298,1.138021,2.737500,11.433698,17.961050,24.756128,-7.154207,-3.959941,0.602394,0.000000,0.000000,0.000000,-1.320237,2.880713,-0.166966,13.029901,14.607215,20.705709,-6.476436,-0.287251,-0.816461,0.000000,0.000000,0.000000,0.888008,-2.391895,2.776726,12.134446,22.014160,16.344275,-8.655962,1.815487,0.035708,0.000000,0.000000,0.000000,0.763640,-2.374014,2.980018,9.507732,15.261239,19.189562,-4.430485,-1.512198,2.525807,0.000000,0.000000,0.000000,-1.661449,0.218279,3.548164,11.353506,16.366817,18.909550,-3.749114,-1.860812,2.954423,0.000000,0.000000,0.000000,-1.197315,-0.033953,3.590277,9.523899,11.354228,20.381105,-3.921287,-1.998475,2.506522,0.000000,0.000000,0.000000,1.283922,-2.633179,1.920565,8.092990,9.212724,22.411469,-2.949749,-3.130085,0.654609,0.000000,0.000000,0.000000,0.535071,-0.824143,1.501631,6.993516,9.155934,16.803707,-3.237290,0.460910,0.751683,0.000000,0.000000,0.000000,0.004243,-0.780982,0.049563,6.702903,8.810882,11.070057,-1.084755,1.035139,0.925528,0.000000,0.000000,0.000000,-0.867642,0.247756,0.043794,6.695114,8.735136,12.484326,-1.919994,1.568315,0.651461,0.000000,0.000000,0.000000,-1.472788,0.066505,0.007813,7.373729,9.605040,13.588530,-4.401422,2.570406,1.093194,0.000000,0.000000,0.000000,-1.129361,0.137118,-1.900254,NaN,NaN,NaN,NaN,NaN,NaN,NaN,NaN,NaN,NaN,NaN,NaN,NaN,NaN,NaN,NaN,NaN,NaN,NaN,NaN,NaN,NaN,NaN,NaN,NaN,NaN,NaN,NaN,NaN,NaN,NaN,NaN,NaN,NaN,NaN,NaN,NaN,NaN,NaN,NaN,NaN,NaN,NaN,NaN,NaN,NaN,NaN,NaN,NaN,NaN,NaN,NaN,NaN,NaN,NaN,NaN,NaN,NaN,NaN,NaN,NaN,NaN,NaN,NaN,NaN,NaN,NaN,NaN,NaN,NaN,NaN,NaN,NaN,NaN,NaN,NaN,NaN,NaN,NaN,NaN,NaN,NaN,NaN,NaN,NaN,NaN,NaN,NaN,NaN,NaN,NaN,NaN,NaN,NaN,NaN,NaN,NaN,NaN,NaN,NaN,NaN,NaN,NaN,NaN,NaN,NaN,NaN,NaN,NaN,NaN,NaN,NaN,NaN,NaN,NaN,NaN,NaN,NaN,NaN,NaN,NaN,NaN,NaN,NaN,NaN,NaN,NaN,NaN,NaN,NaN,NaN,NaN,NaN,NaN,NaN,NaN,NaN,NaN,NaN,NaN,NaN,NaN,NaN,NaN,NaN,NaN,NaN,NaN,NaN,NaN,NaN,NaN,NaN,NaN,NaN,NaN,NaN,NaN,NaN,NaN,NaN,NaN,NaN,NaN,NaN,NaN,NaN,NaN,NaN,NaN,NaN,NaN,NaN,NaN,NaN,NaN,NaN,NaN,NaN,NaN,NaN,NaN,NaN,NaN,NaN,NaN,NaN,NaN,NaN,NaN,NaN,NaN,NaN,NaN,NaN,NaN,NaN,NaN,NaN,NaN,NaN,NaN,NaN,NaN,NaN,NaN,NaN,NaN,NaN,NaN,NaN,NaN,NaN,NaN,NaN,NaN,NaN,NaN,NaN,NaN,NaN,NaN,NaN,NaN,NaN,NaN,NaN,NaN,NaN,NaN,NaN,NaN,NaN,NaN,NaN,NaN,NaN,NaN,NaN,NaN,NaN,NaN,NaN,NaN,NaN,NaN,NaN,NaN,NaN,NaN,NaN,NaN,NaN,NaN,NaN,NaN,NaN,NaN,NaN,NaN,NaN,NaN,NaN,NaN,NaN,NaN,NaN,NaN,NaN,NaN,NaN,NaN,NaN,NaN,NaN,NaN,NaN,NaN,NaN,NaN,NaN,NaN,NaN,NaN,NaN,NaN,NaN,NaN,NaN,NaN,NaN,NaN,NaN,NaN,NaN,NaN,NaN,NaN,NaN,NaN,NaN,NaN,NaN,NaN,NaN,NaN,NaN,NaN,NaN,NaN,NaN,NaN,NaN,NaN,NaN,NaN,NaN,NaN,NaN,NaN,NaN,NaN,NaN,NaN,NaN,NaN,NaN,NaN,NaN,NaN,NaN,NaN,NaN,NaN,NaN,NaN,NaN,NaN,NaN,NaN,NaN,NaN,NaN,NaN,NaN,NaN,NaN,NaN,NaN,NaN,NaN,NaN,NaN,NaN,NaN,NaN,NaN,NaN,NaN,NaN,NaN,NaN,NaN,NaN,NaN,NaN,NaN,NaN,NaN,NaN,NaN,NaN,NaN,NaN,NaN,NaN,NaN,NaN,NaN,NaN,NaN,NaN,NaN,NaN,NaN,NaN,NaN,NaN,NaN,NaN,NaN,NaN,NaN,NaN,NaN,NaN,NaN,NaN,NaN,NaN,NaN,NaN,NaN,NaN,NaN,NaN,NaN,NaN,NaN,NaN,NaN,NaN,NaN,NaN,NaN,NaN,NaN,NaN,NaN,NaN,NaN,NaN,NaN,NaN,NaN,NaN,NaN,NaN,NaN,NaN,NaN,NaN,NaN,NaN,NaN,NaN,NaN,NaN,NaN,NaN,NaN,NaN,NaN,NaN,NaN,NaN,NaN,NaN,NaN,NaN,NaN,NaN,NaN,NaN,NaN,NaN,NaN,NaN,NaN,NaN,NaN,NaN,NaN,NaN,NaN,NaN,NaN,NaN,NaN,NaN,NaN,NaN,NaN,NaN,NaN,NaN,NaN,NaN,NaN,NaN,NaN,NaN,NaN,NaN,NaN,NaN,NaN,NaN,NaN,NaN,NaN,NaN,NaN,NaN,NaN,NaN,NaN,NaN,NaN,NaN,NaN,NaN,NaN,NaN,NaN,NaN,NaN,NaN,NaN,NaN,NaN,NaN,NaN,NaN,NaN,NaN,NaN,NaN,NaN,NaN,NaN,NaN,NaN,NaN,NaN,NaN,NaN,NaN,NaN,NaN,NaN,NaN,NaN,NaN,NaN,NaN,NaN,NaN,NaN,NaN,NaN,NaN,NaN,NaN,NaN,NaN,NaN,NaN,NaN,NaN,NaN,NaN,
SPECA,1360318586,1653307429.60,1653307531.60,33,NaN,NaN,NaN,NaN,NaN,NaN,NaN,NaN,NaN,NaN,NaN,NaN,NaN,NaN,NaN,NaN,NaN,NaN,NaN,NaN,NaN,NaN,NaN,NaN,NaN,NaN,NaN,NaN,NaN,NaN,NaN,NaN,NaN,NaN,NaN,NaN,9.291968,8.721397,1.544518,4.501799,0.119022,-0.003051,0.000000,0.000000,0.000000,0.357869,-1.022645,-0.829580,102.555240,90.019295,20.945623,47.751064,-4.411932,-8.070732,0.000000,0.000000,0.000000,7.673568,-4.200283,-9.081609,96.479256,163.152190,58.582096,54.215366,8.840989,8.551539,0.000000,0.000000,0.000000,20.928093,12.093282,10.241192,1542.513200,3872.945600,3152.176500,1429.118900,9.096692,679.819030,0.000000,0.000000,0.000000,-573.738400,1716.678200,2561.100800,4715.440400,12676.609000,13697.296000,5680.958000,666.563290,1931.455000,0.000000,0.000000,0.000000,-802.161130,7107.895500,11664.939000,4051.547100,9165.542000,11582.207000,4225.017100,1664.135700,1332.927100,0.000000,0.000000,0.000000,416.644010,5730.226100,9056.508800,1674.507300,2891.747100,3227.320800,853.440370,712.086180,282.051240,0.000000,0.000000,0.000000,414.712980,1495.854700,2378.252700,602.680110,1024.259900,1394.737300,35.437836,32.551300,226.131700,0.000000,0.000000,0.000000,-67.180458,535.862060,721.118410,282.891940,638.579900,717.155030,-88.486900,19.230007,34.589737,0.000000,0.000000,0.000000,-0.521993,184.402130,325.815830,236.755250,484.302060,846.964480,-96.692947,-17.611866,11.822559,0.000000,0.000000,0.000000,15.599514,199.930080,258.865720,249.971100,517.822630,1249.508200,-102.127530,36.113079,93.980240,0.000000,0.000000,0.000000,11.201682,143.602450,313.103760,339.754330,702.478210,1365.271700,-302.179750,-61.242386,226.163240,0.000000,0.000000,0.000000,-51.824207,-119.043900,347.799770,346.188320,893.080570,1196.710000,-383.619170,-113.148900,186.825030,0.000000,0.000000,0.000000,-26.067108,-126.415200,465.642640,316.930790,742.791990,903.366090,-279.422150,-66.837578,88.407471,0.000000,0.000000,0.000000,-75.393501,49.358601,385.408630,259.986050,728.195130,851.960390,-225.419970,16.151011,24.290432,0.000000,0.000000,0.000000,-34.596317,81.541656,323.127530,293.592900,544.486940,781.464050,-232.552260,49.548405,28.810478,0.000000,0.000000,0.000000,8.154235,151.794890,134.131970,260.352290,504.768770,503.021420,-245.490540,-27.928181,146.884640,0.000000,0.000000,0.000000,-22.480850,108.651310,50.418648,252.919820,576.538820,828.994020,-215.805770,-1.724843,91.750877,0.000000,0.000000,0.000000,-37.094727,168.644130,189.506650,402.640230,645.125610,819.150630,-326.036220,9.191250,93.121887,0.000000,0.000000,0.000000,-96.822540,236.075550,69.492622,363.300750,712.278080,683.584170,-340.525050,-68.836700,72.953018,0.000000,0.000000,0.000000,-127.057710,42.775787,185.979510,268.100190,572.705630,507.021060,-275.127840,-60.077206,58.884220,0.000000,0.000000,0.000000,-50.637897,-122.911000,298.756100,184.256350,361.012270,421.129360,-174.417790,-3.768353,78.416107,0.000000,0.000000,0.000000,25.730558,-53.548744,154.869140,117.754650,337.557770,332.491580,-117.910240,-18.775244,91.595985,0.000000,0.000000,0.000000,-10.057519,-20.505442,138.868590,135.392750,377.334080,327.094150,-129.118610,-18.869795,90.013077,0.000000,0.000000,0.000000,-16.425526,-0.553859,145.156020,142.325710,527.379880,396.662810,-168.540770,-44.055508,179.003810,0.000000,0.000000,0.000000,-8.795991,-6.309074,185.306550,156.357010,514.400700,544.892150,-185.225330,-67.838516,207.046830,0.000000,0.000000,0.000000,-29.861691,-34.535202,214.236720,166.504260,295.548030,599.942500,-132.027270,-49.416782,85.036636,0.000000,0.000000,0.000000,-29.641680,14.018200,130.010470,131.526470,235.030320,487.434570,-106.151990,-25.314604,32.180061,0.000000,0.000000,0.000000,-10.726589,28.561655,83.054451,112.564650,242.275770,445.483920,-108.127150,-23.948769,56.564865,0.000000,0.000000,0.000000,-13.551623,-23.914339,96.077301,78.154350,245.515990,347.441590,-94.767769,-11.626299,17.199215,0.000000,0.000000,0.000000,-23.205864,-34.225719,109.410650,55.980545,213.243880,296.526030,-71.122902,10.941045,-26.164547,0.000000,0.000000,0.000000,-7.785708,-22.792286,102.347120,67.074310,157.342960,328.755710,-65.245583,7.713753,20.265930,0.000000,0.000000,0.000000,11.595221,-31.180363,76.684242,60.355476,131.800290,233.627730,-61.788723,-15.578096,53.973389,0.000000,0.000000,0.000000,8.616481,-10.672031,54.992893,58.124809,123.091930,267.728640,-44.056316,-9.775988,35.588287,0.000000,0.000000,0.000000,0.242525,2.719507,80.760490,51.940701,164.274120,225.081470,-47.503929,-7.059996,24.743353,0.000000,0.000000,0.000000,-3.120779,-22.874104,102.500360,57.859985,163.949330,205.549000,-61.875900,-12.593670,29.409660,0.000000,0.000000,0.000000,-9.229315,-16.010036,68.188339,53.228817,131.390900,157.541600,-57.007271,-15.594898,27.098133,0.000000,0.000000,0.000000,-6.824225,-15.963856,35.913242,37.811234,101.262740,150.047840,-38.947018,-2.242881,28.848701,0.000000,0.000000,0.000000,-11.578037,2.109522,26.262609,27.161095,66.457489,125.546300,-20.165312,2.820822,18.052710,0.000000,0.000000,0.000000,-2.997554,-5.114772,29.697197,34.417362,66.070717,158.715060,-24.934168,-5.587345,24.078714,0.000000,0.000000,0.000000,-1.164175,0.483492,11.644406,42.901287,52.475147,155.450000,-26.610886,-14.181263,20.174494,0.000000,0.000000,0.000000,0.502138,-2.694037,5.474413,34.740463,47.142822,129.541530,-20.325577,-11.093923,8.969619,0.000000,0.000000,0.000000,0.704935,4.374373,3.386084,29.146637,49.686451,103.184140,-16.119095,-3.312158,10.097953,0.000000,0.000000,0.000000,1.198920,15.281928,9.192585,28.295250,57.903854,86.007820,-17.462379,3.206542,22.796808,0.000000,0.000000,0.000000,5.040476,13.776859,10.443372,26.454872,53.732353,115.835980,-18.657784,-2.138095,29.630741,0.000000,0.000000,0.000000,-1.091410,0.823196,22.221806,16.128128,46.985584,106.643820,-16.334166,0.043908,18.285913,0.000000,0.000000,0.000000,-3.428689,-1.832569,17.510002,15.891412,42.785748,84.110748,-15.706446,-2.346080,11.044269,0.000000,0.000000,0.000000,-1.530560,0.313780,13.270675,19.047392,52.245522,94.770386,-21.421820,-2.134985,9.492993,0.000000,0.000000,0.000000,3.822603,-1.566288,19.790407,18.597399,42.645252,77.675034,-18.080158,3.403507,3.448831,0.000000,0.000000,0.000000,1.935015,-1.552137,16.876448,18.484612,33.547424,79.003349,-12.643160,6.853426,-1.885103,0.000000,0.000000,0.000000,-2.187995,0.629090,8.192413,18.822147,24.430099,75.484337,-9.005087,6.243521,3.525332,0.000000,0.000000,0.000000,0.480288,-1.619804,14.813952,16.186171,33.262859,60.290783,-12.625548,3.188830,9.617537,0.000000,0.000000,0.000000,0.421720,5.261478,7.684491,14.633847,31.496643,81.971825,-12.213790,5.728237,6.124628,0.000000,0.000000,0.000000,-2.683634,4.137378,3.855061,11.058052,31.933764,63.693817,-8.796830,3.932959,8.209935,0.000000,0.000000,0.000000,-0.899228,-0.761323,4.654830,13.627179,28.644194,39.273315,-10.958638,-0.505472,11.788597,0.000000,0.000000,0.000000,-2.539669,-2.180829,8.820115,13.032116,24.481405,53.431648,-10.188302,-2.774474,10.146561,0.000000,0.000000,0.000000,-3.016160,-0.479528,9.480719,15.374578,41.130585,55.291992,-15.192247,-2.381573,7.869307,0.000000,0.000000,0.000000,-2.491067,1.500888,0.336522,14.750803,29.921585,49.893009,-11.497926,2.307962,-1.401010,0.000000,0.000000,0.000000,-3.690122,1.489679,-1.693891,11.839983,26.079311,66.751732,-9.330957,3.184087,-0.650044,0.000000,0.000000,0.000000,1.857098,1.128645,7.835300,13.010257,26.493490,68.509850,-11.275233,-5.948578,8.171530,0.000000,0.000000,0.000000,-0.090731,3.218713,5.692430,11.301593,22.918802,56.934135,-8.430524,-3.139268,7.466813,0.000000,0.000000,0.000000,-2.532778,0.782218,2.649687,9.786166,22.956951,35.486217,-6.562821,0.273011,4.747192,0.000000,0.000000,0.000000,-2.759867,-0.789856,2.796473,11.797793,25.078987,28.837141,-9.377110,-1.173071,3.047508,0.000000,0.000000,0.000000,-2.496424,0.023390,4.651474,13.260071,30.921860,33.550846,-9.727289,-1.040238,3.234917,0.000000,0.000000,0.000000,-3.868494,1.565978,7.091161,14.270947,26.707296,32.019878,-9.792001,1.348767,-0.413625,0.000000,0.000000,0.000000,-3.355387,2.195151,3.448184,12.818521,17.061512,33.508850,-7.936207,-3.852738,-1.918050,0.000000,0.000000,0.000000,-3.579814,1.962546,2.717195,10.253706,16.871681,31.089876,-8.210625,-2.385436,-0.422380,0.000000,0.000000,0.000000,1.030354,0.014471,-0.499816,11.126144,19.062908,29.136446,-5.499876,-0.691903,5.694686,0.000000,0.000000,0.000000,-0.859707,0.165019,0.781940,19.465899,15.839004,24.072174,-5.242608,2.699940,1.344056,0.000000,0.000000,0.000000,-0.951262,-2.951144,3.105977,16.444828,14.519623,21.914509,-3.831971,0.281901,4.097039,0.000000,0.000000,0.000000,-1.452461,1.176568,1.868694,12.037325,18.524929,22.012100,-5.163094,-4.376672,6.105040,0.000000,0.000000,0.000000,0.855356,-0.843479,4.077849,10.128045,20.125343,21.797735,-2.205552,-0.330200,1.717910,0.000000,0.000000,0.000000,0.480186,-0.088056,1.986409,9.705729,17.013660,13.658055,-3.385981,-0.109650,-1.451530,0.000000,0.000000,0.000000,-0.990325,-0.805346,1.200151,9.246875,15.413170,16.311306,-5.229324,-0.540530,1.711627,0.000000,0.000000,0.000000,-0.562089,2.363194,-0.232953,9.164281,17.984114,13.658125,-3.595130,-0.070681,3.766716,0.000000,0.000000,0.000000,-1.129619,2.194549,-0.980791,10.303764,17.952049,14.607380,-3.647110,0.790400,4.795113,0.000000,0.000000,0.000000,-1.133478,1.748659,0.663298,11.772700,16.721212,18.284853,-4.163857,-0.446124,1.434420,0.000000,0.000000,0.000000,-0.624126,-1.953222,1.775945,10.345848,13.809858,16.216671,-5.848431,0.731022,1.408816,0.000000,0.000000,0.000000,-0.173394,-2.319494,2.532041,7.706114,12.088823,16.681641,-4.220524,2.529845,4.823961,0.000000,0.000000,0.000000,0.663263,-0.806322,0.619098,NaN,NaN,NaN,NaN,NaN,NaN,NaN,NaN,NaN,NaN,NaN,NaN,NaN,NaN,NaN,NaN,NaN,NaN,NaN,NaN,NaN,NaN,NaN,NaN,NaN,NaN,NaN,NaN,NaN,NaN,NaN,NaN,NaN,NaN,NaN,NaN,NaN,NaN,NaN,NaN,NaN,NaN,NaN,NaN,NaN,NaN,NaN,NaN,NaN,NaN,NaN,NaN,NaN,NaN,NaN,NaN,NaN,NaN,NaN,NaN,NaN,NaN,NaN,NaN,NaN,NaN,NaN,NaN,NaN,NaN,NaN,NaN,NaN,NaN,NaN,NaN,NaN,NaN,NaN,NaN,NaN,NaN,NaN,NaN,NaN,NaN,NaN,NaN,NaN,NaN,NaN,NaN,NaN,NaN,NaN,NaN,NaN,NaN,NaN,NaN,NaN,NaN,NaN,NaN,NaN,NaN,NaN,NaN,NaN,NaN,NaN,NaN,NaN,NaN,NaN,NaN,NaN,NaN,NaN,NaN,NaN,NaN,NaN,NaN,NaN,NaN,NaN,NaN,NaN,NaN,NaN,NaN,NaN,NaN,NaN,NaN,NaN,NaN,NaN,NaN,NaN,NaN,NaN,NaN,NaN,NaN,NaN,NaN,NaN,NaN,NaN,NaN,NaN,NaN,NaN,NaN,NaN,NaN,NaN,NaN,NaN,NaN,NaN,NaN,NaN,NaN,NaN,NaN,NaN,NaN,NaN,NaN,NaN,NaN,NaN,NaN,NaN,NaN,NaN,NaN,NaN,NaN,NaN,NaN,NaN,NaN,NaN,NaN,NaN,NaN,NaN,NaN,NaN,NaN,NaN,NaN,NaN,NaN,NaN,NaN,NaN,NaN,NaN,NaN,NaN,NaN,NaN,NaN,NaN,NaN,NaN,NaN,NaN,NaN,NaN,NaN,NaN,NaN,NaN,NaN,NaN,NaN,NaN,NaN,NaN,NaN,NaN,NaN,NaN,NaN,NaN,NaN,NaN,NaN,NaN,NaN,NaN,NaN,NaN,NaN,NaN,NaN,NaN,NaN,NaN,NaN,NaN,NaN,NaN,NaN,NaN,NaN,NaN,NaN,NaN,NaN,NaN,NaN,NaN,NaN,NaN,NaN,NaN,NaN,NaN,NaN,NaN,NaN,NaN,NaN,NaN,NaN,NaN,NaN,NaN,NaN,NaN,NaN,NaN,NaN,NaN,NaN,NaN,NaN,NaN,NaN,NaN,NaN,NaN,NaN,NaN,NaN,NaN,NaN,NaN,NaN,NaN,NaN,NaN,NaN,NaN,NaN,NaN,NaN,NaN,NaN,NaN,NaN,NaN,NaN,NaN,NaN,NaN,NaN,NaN,NaN,NaN,NaN,NaN,NaN,NaN,NaN,NaN,NaN,NaN,NaN,NaN,NaN,NaN,NaN,NaN,NaN,NaN,NaN,NaN,NaN,NaN,NaN,NaN,NaN,NaN,NaN,NaN,NaN,NaN,NaN,NaN,NaN,NaN,NaN,NaN,NaN,NaN,NaN,NaN,NaN,NaN,NaN,NaN,NaN,NaN,NaN,NaN,NaN,NaN,NaN,NaN,NaN,NaN,NaN,NaN,NaN,NaN,NaN,NaN,NaN,NaN,NaN,NaN,NaN,NaN,NaN,NaN,NaN,NaN,NaN,NaN,NaN,NaN,NaN,NaN,NaN,NaN,NaN,NaN,NaN,NaN,NaN,NaN,NaN,NaN,NaN,NaN,NaN,NaN,NaN,NaN,NaN,NaN,NaN,NaN,NaN,NaN,NaN,NaN,NaN,NaN,NaN,NaN,NaN,NaN,NaN,NaN,NaN,NaN,NaN,NaN,NaN,NaN,NaN,NaN,NaN,NaN,NaN,NaN,NaN,NaN,NaN,NaN,NaN,NaN,NaN,NaN,NaN,NaN,NaN,NaN,NaN,NaN,NaN,NaN,NaN,NaN,NaN,NaN,NaN,NaN,NaN,NaN,NaN,NaN,NaN,NaN,NaN,NaN,NaN,NaN,NaN,NaN,NaN,NaN,NaN,NaN,NaN,NaN,NaN,NaN,NaN,NaN,NaN,NaN,NaN,NaN,NaN,NaN,NaN,NaN,NaN,NaN,NaN,NaN,NaN,NaN,NaN,NaN,NaN,NaN,NaN,NaN,NaN,NaN,NaN,NaN,NaN,NaN,NaN,NaN,NaN,NaN,NaN,NaN,NaN,NaN,NaN,NaN,NaN,NaN,NaN,NaN,NaN,NaN,NaN,NaN,NaN,NaN,NaN,NaN,NaN,NaN,NaN,NaN,NaN,NaN,NaN,NaN,NaN,NaN,NaN,NaN,NaN,NaN,NaN,NaN,NaN,NaN,NaN,NaN,NaN,NaN,NaN,NaN,NaN,
SPECA,1362116728,1653309229.60,1653309331.60,33,NaN,NaN,NaN,NaN,NaN,NaN,NaN,NaN,NaN,NaN,NaN,NaN,NaN,NaN,NaN,NaN,NaN,NaN,NaN,NaN,NaN,NaN,NaN,NaN,NaN,NaN,NaN,NaN,NaN,NaN,NaN,NaN,NaN,NaN,NaN,NaN,203.069610,342.680420,99.932831,17.961000,-37.872242,10.977594,0.000000,0.000000,0.000000,-64.994034,48.815437,0.806726,209.179430,441.682530,117.722040,-31.810085,-18.034737,-19.239902,0.000000,0.000000,0.000000,-19.485424,28.352537,-2.582108,214.662250,519.027830,223.469760,-31.640944,8.385964,59.244682,0.000000,0.000000,0.000000,-3.063958,59.423134,-41.794670,1655.671500,2474.732200,2767.056200,1244.503800,77.584282,758.635130,0.000000,0.000000,0.000000,-508.007420,1771.799900,1857.270400,5806.382300,12294.812000,13388.759000,5772.483400,453.103790,2759.292000,0.000000,0.000000,0.000000,-1486.675400,7732.241700,11188.252000,4242.001500,10038.230000,9916.976600,3976.036400,1013.632600,2102.709000,0.000000,0.000000,0.000000,-223.828690,5416.622100,8374.979500,1542.563200,2512.833500,2476.231400,959.647520,176.715290,469.443420,0.000000,0.000000,0.000000,-16.790876,1527.331100,1871.378200,333.371060,971.527160,922.384640,126.315060,5.863713,6.509632,0.000000,0.000000,0.000000,14.716394,318.221470,652.689150,220.224090,545.354430,630.410520,-3.626636,23.560518,-11.616702,0.000000,0.000000,0.000000,-10.527132,205.904880,297.472560,178.501560,398.635710,559.128360,-78.531837,18.312014,-34.435669,0.000000,0.000000,0.000000,-0.479655,160.973910,124.163510,178.950070,459.171780,581.620670,-73.435081,-5.058992,74.279823,0.000000,0.000000,0.000000,9.439973,59.616833,167.894580,406.371950,801.911500,1243.874900,-310.536010,-162.253510,90.089119,0.000000,0.000000,0.000000,-44.543827,-154.530080,411.969090,495.649410,979.970280,1660.410800,-384.607240,-167.881930,160.966610,0.000000,0.000000,0.000000,-167.524190,-115.003750,616.282710,381.683200,967.390010,977.459530,-384.149260,-95.483002,87.695740,0.000000,0.000000,0.000000,-147.641740,12.846458,443.063510,290.724060,862.840580,1234.757400,-324.494290,-19.999247,-19.425243,0.000000,0.000000,0.000000,-70.780365,-106.540570,643.100950,322.454190,696.322510,940.300290,-316.975310,-94.695297,206.779560,0.000000,0.000000,0.000000,-74.282646,-33.344429,373.034910,236.930280,644.186950,683.981810,-245.829900,-7.572115,131.564160,0.000000,0.000000,0.000000,30.342302,-32.669468,313.112210,220.135060,518.497440,677.097410,-205.838500,61.225029,32.082859,0.000000,0.000000,0.000000,14.051983,-22.209579,252.987030,204.033160,329.114870,771.862000,-139.472400,67.017593,67.082756,0.000000,0.000000,0.000000,-43.725403,43.240204,69.959885,238.729190,433.454620,850.572810,-206.221280,21.904850,138.225740,0.000000,0.000000,0.000000,-43.129414,-16.893871,202.512660,200.101500,451.489070,887.966920,-182.704150,55.185944,49.687840,0.000000,0.000000,0.000000,-10.407946,-69.164764,315.857910,191.761020,471.833100,912.172670,-188.926730,79.289810,-18.217127,0.000000,0.000000,0.000000,26.179134,-158.010990,357.694460,180.438690,410.463750,466.237920,-147.429700,39.322300,60.737354,0.000000,0.000000,0.000000,29.558411,-12.721725,171.158520,160.659610,376.674470,371.026730,-128.203060,-4.009225,110.253720,0.000000,0.000000,0.000000,4.030420,-0.241085,121.270290,154.343340,391.601870,336.083860,-140.974810,24.629814,69.061455,0.000000,0.000000,0.000000,5.323642,-10.448800,114.979750,149.618970,431.503110,435.709690,-158.276110,28.575092,38.460457,0.000000,0.000000,0.000000,21.962166,-64.302872,197.346570,179.085420,418.583470,732.144350,-162.556820,55.483070,5.199515,0.000000,0.000000,0.000000,19.049217,-67.688713,312.607850,168.162380,292.859160,601.568300,-142.667340,15.036247,-17.568018,0.000000,0.000000,0.000000,8.996431,-30.727938,203.335860,137.954820,313.047060,410.729770,-148.878710,-1.850512,11.262657,0.000000,0.000000,0.000000,3.417899,-35.778961,139.774480,110.014330,210.807530,422.993070,-77.835381,8.550262,16.487608,0.000000,0.000000,0.000000,2.003740,0.460606,116.514420,78.899605,140.158420,356.830170,-32.663208,-8.917728,11.663780,0.000000,0.000000,0.000000,-1.665065,29.497490,95.590515,78.880630,163.821270,299.145020,-56.997269,-35.826115,74.187393,0.000000,0.000000,0.000000,-14.209730,22.192976,90.159821,65.580673,135.350080,237.371520,-54.726028,0.326158,44.995640,0.000000,0.000000,0.000000,-8.973322,24.536743,53.484055,77.551445,170.840320,171.889420,-76.619392,22.791233,-9.213219,0.000000,0.000000,0.000000,-2.308332,-2.088260,55.471592,75.308685,160.179660,152.750080,-74.122131,20.003780,-13.472571,0.000000,0.000000,0.000000,-3.222012,6.786002,46.845234,57.664467,126.505340,144.572340,-52.490833,5.072453,3.879838,0.000000,0.000000,0.000000,9.761510,11.265093,35.235371,52.783459,94.861160,201.206880,-41.761971,-12.179258,35.852928,0.000000,0.000000,0.000000,5.626352,-20.825573,70.012711,55.208027,95.645248,199.481750,-44.230495,-17.833925,48.139023,0.000000,0.000000,0.000000,-2.096293,-13.984991,35.345993,35.380470,94.297287,175.783260,-31.830385,-22.024897,44.342632,0.000000,0.000000,0.000000,-9.673881,2.917906,11.982239,31.438885,83.353027,169.166430,-26.944954,-20.455631,37.886017,0.000000,0.000000,0.000000,-4.189542,-1.517164,26.703344,25.525438,66.854614,156.144030,-20.317947,-1.272820,17.615883,0.000000,0.000000,0.000000,-1.062852,5.915034,20.679016,23.141579,65.228058,139.257020,-11.598916,3.042338,21.788544,0.000000,0.000000,0.000000,4.187887,-6.989177,35.473083,26.726366,64.885788,143.727250,-15.173269,5.834141,14.927345,0.000000,0.000000,0.000000,2.088766,-18.894415,42.741787,25.188522,69.130768,113.800290,-17.846899,6.779972,1.855572,0.000000,0.000000,0.000000,-4.554450,-3.938135,21.962795,25.772505,64.595932,83.206131,-23.763191,-1.655886,5.854342,0.000000,0.000000,0.000000,-2.328034,-2.228574,8.188883,24.650177,62.515076,77.711273,-24.805523,-1.712576,10.298551,0.000000,0.000000,0.000000,-3.274513,-5.048425,3.666423,19.159676,58.277096,68.459831,-20.122536,-7.749613,15.845287,0.000000,0.000000,0.000000,-2.612492,-7.617312,10.416298,13.771960,59.419872,59.076302,-14.705563,-6.728913,21.050446,0.000000,0.000000,0.000000,1.236225,0.533406,11.634336,16.946497,52.092537,59.551537,-14.259538,-3.345431,13.900158,0.000000,0.000000,0.000000,-7.866952,-0.430477,19.985069,16.026371,38.811214,78.612160,-14.617584,0.224775,7.771584,0.000000,0.000000,0.000000,-3.892290,0.296850,20.919497,18.668234,30.947653,74.089294,-13.924567,1.433634,0.910369,0.000000,0.000000,0.000000,-5.146483,-3.102975,18.066706,18.305420,33.634220,62.740509,-15.200545,2.411584,3.372302,0.000000,0.000000,0.000000,-3.754698,-2.589390,13.981508,17.240450,32.164577,77.590065,-9.494141,5.133439,11.304045,0.000000,0.000000,0.000000,2.040788,1.977896,13.942197,14.987717,28.170231,79.068275,-8.665253,5.992144,1.961228,0.000000,0.000000,0.000000,1.059670,1.709097,14.500397,12.195042,31.409178,70.887108,-7.978100,2.709696,10.550088,0.000000,0.000000,0.000000,-3.525062,1.195613,9.187322,16.207439,28.741152,67.391670,-10.073302,-2.334929,10.275784,0.000000,0.000000,0.000000,-6.477214,3.364649,2.664269,20.045298,26.228392,49.629776,-11.023136,-1.441976,9.019905,0.000000,0.000000,0.000000,-4.550691,7.108630,-1.414687,22.830545,28.159323,47.276310,-16.474796,-0.123875,4.764089,0.000000,0.000000,0.000000,-3.886433,0.522664,2.257276,21.827740,39.260662,35.619823,-18.276258,-5.013165,10.730425,0.000000,0.000000,0.000000,-1.690536,0.276153,3.035852,20.597422,36.440491,41.309795,-15.897056,-7.647841,11.771476,0.000000,0.000000,0.000000,-3.103349,-3.148631,5.990919,13.037768,24.128584,39.245113,-9.386600,-1.826888,-0.920497,0.000000,0.000000,0.000000,-3.918516,-2.661358,5.942339,15.981935,24.921997,39.451084,-9.646832,-4.141169,4.792516,0.000000,0.000000,0.000000,-2.258971,-0.482734,6.045931,13.350540,23.192680,34.310360,-7.703525,-3.051222,3.246519,0.000000,0.000000,0.000000,1.002307,-2.433255,2.306013,14.013607,25.789679,30.693903,-9.822312,-5.309791,7.181138,0.000000,0.000000,0.000000,-1.205967,-5.474227,4.915769,16.239136,35.051918,41.983597,-11.710028,-6.226490,16.516764,0.000000,0.000000,0.000000,-1.183647,-4.154429,14.424639,15.013122,34.764019,37.776047,-8.449130,-2.405554,11.713121,0.000000,0.000000,0.000000,-0.451737,-5.604047,15.396091,21.060463,40.038979,35.772949,-14.374957,-3.208200,7.055234,0.000000,0.000000,0.000000,-1.568180,-6.733713,12.173080,18.278582,31.276375,29.249865,-9.101092,-0.918236,2.253071,0.000000,0.000000,0.000000,-3.266212,-0.472442,7.369833,14.761433,27.261393,30.714266,-8.034164,-3.825139,0.884036,0.000000,0.000000,0.000000,-5.499954,-1.212704,3.632118,14.148354,27.267075,33.934410,-7.472271,-1.880484,2.957059,0.000000,0.000000,0.000000,-4.554610,-4.216208,6.310019,13.636910,16.062035,21.583986,-6.243441,-3.383239,3.146147,0.000000,0.000000,0.000000,-0.860887,-0.864914,3.326338,13.233255,21.381887,19.993855,-6.627666,-2.325988,3.460877,0.000000,0.000000,0.000000,0.210362,-1.685939,3.148877,12.766747,17.011555,19.867979,-7.776277,-1.285550,-0.408220,0.000000,0.000000,0.000000,-0.126751,-2.719241,-0.789418,12.165507,15.332678,18.866732,-5.242075,0.427669,1.431834,0.000000,0.000000,0.000000,-0.885285,0.329542,-0.913622,11.802159,19.609282,20.694292,-4.538369,-1.061174,3.566006,0.000000,0.000000,0.000000,0.286267,-0.879737,3.662357,9.866394,19.633980,21.161549,-1.755338,-2.040279,1.217459,0.000000,0.000000,0.000000,0.061336,1.420744,4.683867,7.348732,17.507753,16.068834,-0.255389,-2.077580,2.093437,0.000000,0.000000,0.000000,-0.325980,1.622414,5.920452,8.188826,16.341299,12.300661,-2.061035,-1.983566,3.344490,0.000000,0.000000,0.000000,-1.277160,0.645635,2.586033,9.931614,11.932066,12.827487,-1.785551,-0.500976,3.754531,0.000000,0.000000,0.000000,0.736840,-1.281721,2.645171,NaN,NaN,NaN,NaN,NaN,NaN,NaN,NaN,NaN,NaN,NaN,NaN,NaN,NaN,NaN,NaN,NaN,NaN,NaN,NaN,NaN,NaN,NaN,NaN,NaN,NaN,NaN,NaN,NaN,NaN,NaN,NaN,NaN,NaN,NaN,NaN,NaN,NaN,NaN,NaN,NaN,NaN,NaN,NaN,NaN,NaN,NaN,NaN,NaN,NaN,NaN,NaN,NaN,NaN,NaN,NaN,NaN,NaN,NaN,NaN,NaN,NaN,NaN,NaN,NaN,NaN,NaN,NaN,NaN,NaN,NaN,NaN,NaN,NaN,NaN,NaN,NaN,NaN,NaN,NaN,NaN,NaN,NaN,NaN,NaN,NaN,NaN,NaN,NaN,NaN,NaN,NaN,NaN,NaN,NaN,NaN,NaN,NaN,NaN,NaN,NaN,NaN,NaN,NaN,NaN,NaN,NaN,NaN,NaN,NaN,NaN,NaN,NaN,NaN,NaN,NaN,NaN,NaN,NaN,NaN,NaN,NaN,NaN,NaN,NaN,NaN,NaN,NaN,NaN,NaN,NaN,NaN,NaN,NaN,NaN,NaN,NaN,NaN,NaN,NaN,NaN,NaN,NaN,NaN,NaN,NaN,NaN,NaN,NaN,NaN,NaN,NaN,NaN,NaN,NaN,NaN,NaN,NaN,NaN,NaN,NaN,NaN,NaN,NaN,NaN,NaN,NaN,NaN,NaN,NaN,NaN,NaN,NaN,NaN,NaN,NaN,NaN,NaN,NaN,NaN,NaN,NaN,NaN,NaN,NaN,NaN,NaN,NaN,NaN,NaN,NaN,NaN,NaN,NaN,NaN,NaN,NaN,NaN,NaN,NaN,NaN,NaN,NaN,NaN,NaN,NaN,NaN,NaN,NaN,NaN,NaN,NaN,NaN,NaN,NaN,NaN,NaN,NaN,NaN,NaN,NaN,NaN,NaN,NaN,NaN,NaN,NaN,NaN,NaN,NaN,NaN,NaN,NaN,NaN,NaN,NaN,NaN,NaN,NaN,NaN,NaN,NaN,NaN,NaN,NaN,NaN,NaN,NaN,NaN,NaN,NaN,NaN,NaN,NaN,NaN,NaN,NaN,NaN,NaN,NaN,NaN,NaN,NaN,NaN,NaN,NaN,NaN,NaN,NaN,NaN,NaN,NaN,NaN,NaN,NaN,NaN,NaN,NaN,NaN,NaN,NaN,NaN,NaN,NaN,NaN,NaN,NaN,NaN,NaN,NaN,NaN,NaN,NaN,NaN,NaN,NaN,NaN,NaN,NaN,NaN,NaN,NaN,NaN,NaN,NaN,NaN,NaN,NaN,NaN,NaN,NaN,NaN,NaN,NaN,NaN,NaN,NaN,NaN,NaN,NaN,NaN,NaN,NaN,NaN,NaN,NaN,NaN,NaN,NaN,NaN,NaN,NaN,NaN,NaN,NaN,NaN,NaN,NaN,NaN,NaN,NaN,NaN,NaN,NaN,NaN,NaN,NaN,NaN,NaN,NaN,NaN,NaN,NaN,NaN,NaN,NaN,NaN,NaN,NaN,NaN,NaN,NaN,NaN,NaN,NaN,NaN,NaN,NaN,NaN,NaN,NaN,NaN,NaN,NaN,NaN,NaN,NaN,NaN,NaN,NaN,NaN,NaN,NaN,NaN,NaN,NaN,NaN,NaN,NaN,NaN,NaN,NaN,NaN,NaN,NaN,NaN,NaN,NaN,NaN,NaN,NaN,NaN,NaN,NaN,NaN,NaN,NaN,NaN,NaN,NaN,NaN,NaN,NaN,NaN,NaN,NaN,NaN,NaN,NaN,NaN,NaN,NaN,NaN,NaN,NaN,NaN,NaN,NaN,NaN,NaN,NaN,NaN,NaN,NaN,NaN,NaN,NaN,NaN,NaN,NaN,NaN,NaN,NaN,NaN,NaN,NaN,NaN,NaN,NaN,NaN,NaN,NaN,NaN,NaN,NaN,NaN,NaN,NaN,NaN,NaN,NaN,NaN,NaN,NaN,NaN,NaN,NaN,NaN,NaN,NaN,NaN,NaN,NaN,NaN,NaN,NaN,NaN,NaN,NaN,NaN,NaN,NaN,NaN,NaN,NaN,NaN,NaN,NaN,NaN,NaN,NaN,NaN,NaN,NaN,NaN,NaN,NaN,NaN,NaN,NaN,NaN,NaN,NaN,NaN,NaN,NaN,NaN,NaN,NaN,NaN,NaN,NaN,NaN,NaN,NaN,NaN,NaN,NaN,NaN,NaN,NaN,NaN,NaN,NaN,NaN,NaN,NaN,NaN,NaN,NaN,NaN,NaN,NaN,NaN,NaN,NaN,NaN,NaN,NaN,NaN,NaN,NaN,NaN,NaN,NaN,NaN,NaN,NaN,NaN,NaN,NaN,NaN,
SPECA,1363914807,1653311029.60,1653311131.60,33,NaN,NaN,NaN,NaN,NaN,NaN,NaN,NaN,NaN,NaN,NaN,NaN,NaN,NaN,NaN,NaN,NaN,NaN,NaN,NaN,NaN,NaN,NaN,NaN,NaN,NaN,NaN,NaN,NaN,NaN,NaN,NaN,NaN,NaN,NaN,NaN,28.228380,102.993000,9.431391,9.960028,-3.044045,1.749507,0.000000,0.000000,0.000000,-1.209112,0.812417,-6.023590,51.399281,214.224260,26.513594,13.575457,-5.058027,0.144275,0.000000,0.000000,0.000000,-6.037830,4.941164,-18.511818,164.180130,540.288270,196.085340,49.920502,34.869129,21.926895,0.000000,0.000000,0.000000,-22.482601,82.873848,52.445877,2243.591100,4088.755400,4472.114700,2009.768100,276.093200,706.346680,0.000000,0.000000,0.000000,-464.458590,2838.897700,3320.563500,6317.400900,13398.167000,14325.781000,6858.699700,293.552220,3170.192900,0.000000,0.000000,0.000000,-1726.882600,8857.395500,12018.970000,3834.220000,11743.174000,10101.861000,4586.540500,526.802610,3051.738000,0.000000,0.000000,0.000000,-1233.633300,5391.848100,9325.378900,1030.546500,3453.106000,2272.541300,839.824770,221.921480,769.401670,0.000000,0.000000,0.000000,-143.228260,1017.239000,2310.231400,500.904660,1008.813100,1053.434400,37.061661,25.523790,164.869830,0.000000,0.000000,0.000000,-51.645367,438.024840,671.639950,341.674680,551.420960,803.922120,37.759109,-19.523483,151.649980,0.000000,0.000000,0.000000,-74.516373,295.784300,428.602630,166.004440,307.501460,461.195530,-5.103335,-10.435523,53.206570,0.000000,0.000000,0.000000,7.842234,120.624600,202.315920,184.337300,607.064760,552.949520,-110.640600,-21.173050,52.080013,0.000000,0.000000,0.000000,3.659534,12.003447,258.663360,422.560120,928.221860,927.105710,-309.710140,65.888756,-72.608498,0.000000,0.000000,0.000000,58.320515,-128.907240,411.875640,380.509120,884.633120,913.873660,-320.669310,31.335161,-23.082420,0.000000,0.000000,0.000000,-37.726707,-127.424610,463.419070,369.815770,779.230650,986.464600,-334.338100,12.815862,84.867149,0.000000,0.000000,0.000000,-42.690353,8.892239,405.490690,338.395940,662.173280,1078.252200,-269.148830,-30.708944,159.950550,0.000000,0.000000,0.000000,-28.509172,146.455230,319.827090,250.751620,357.418240,1219.923100,-113.930440,33.050873,60.425106,0.000000,0.000000,0.000000,-9.451019,283.042880,161.950000,331.833100,476.595250,1093.739100,-231.123080,-10.263968,93.892441,0.000000,0.000000,0.000000,51.064941,219.361920,155.581670,246.152630,565.536380,648.379880,-206.173680,28.435284,-14.052866,0.000000,0.000000,0.000000,53.153446,113.729340,189.855820,252.654570,593.252810,588.599850,-229.562620,33.615654,48.509480,0.000000,0.000000,0.000000,41.341507,28.362579,243.756740,309.452940,419.167420,723.603880,-199.941470,23.429140,48.675156,0.000000,0.000000,0.000000,24.270670,117.314170,149.240890,201.529690,409.840420,818.176150,-137.773850,41.921223,67.451660,0.000000,0.000000,0.000000,7.374114,46.522884,128.671660,163.646940,431.205350,724.080990,-137.811370,40.438732,115.732330,0.000000,0.000000,0.000000,-14.175039,16.180252,135.307510,135.042220,414.938390,615.094850,-114.718280,52.266357,19.711266,0.000000,0.000000,0.000000,8.372229,4.310111,208.379350,143.375900,478.855680,819.451660,-165.126070,34.702785,57.516895,0.000000,0.000000,0.000000,12.265399,-28.924515,296.749180,159.214720,394.042180,807.898250,-142.937620,63.565544,83.525131,0.000000,0.000000,0.000000,27.004486,-34.465363,294.885130,180.747150,339.491300,619.673890,-132.076900,-5.302969,84.528564,0.000000,0.000000,0.000000,21.736637,-127.547160,281.897640,182.222490,349.516750,885.562320,-138.423890,-46.056137,111.944050,0.000000,0.000000,0.000000,-7.665054,-86.623856,327.589750,206.361020,346.492580,592.264530,-159.185880,-9.785093,65.414345,0.000000,0.000000,0.000000,-22.807148,-1.156483,171.944320,147.601210,231.476650,219.603500,-96.893906,-2.401175,25.667675,0.000000,0.000000,0.000000,-11.059364,-0.702821,46.131741,129.391910,250.969300,297.086460,-104.904870,4.992517,23.663019,0.000000,0.000000,0.000000,-8.400297,-1.222645,65.269577,117.116210,264.193510,345.248720,-103.312840,-3.036374,53.432083,0.000000,0.000000,0.000000,-21.947929,10.136776,52.912350,75.145714,203.879910,243.653610,-75.401901,9.383818,26.948849,0.000000,0.000000,0.000000,-12.443747,0.014233,50.795921,93.193893,165.392910,260.377840,-71.743156,-12.193082,47.035786,0.000000,0.000000,0.000000,-7.117239,18.320511,36.793633,104.323360,196.214740,315.480800,-104.980260,-35.818436,85.272064,0.000000,0.000000,0.000000,-16.547167,30.114634,12.581682,84.208084,187.082400,259.014650,-79.496544,-21.641132,24.135096,0.000000,0.000000,0.000000,-6.226574,12.459078,69.389496,49.054867,184.490690,248.102650,-43.796341,9.645609,15.883512,0.000000,0.000000,0.000000,-1.946674,5.410598,84.730904,41.681629,157.829640,290.890690,-29.118147,-1.630663,60.495041,0.000000,0.000000,0.000000,-18.434088,2.215770,89.980301,44.196365,135.726000,250.949430,-47.622986,-0.809510,17.584484,0.000000,0.000000,0.000000,-4.109842,-11.887814,74.712334,30.247147,104.163990,232.764830,-24.912115,-6.513282,63.114326,0.000000,0.000000,0.000000,5.892785,-6.788106,31.258675,37.590225,91.799706,166.625630,-27.340530,-19.772182,43.474796,0.000000,0.000000,0.000000,-9.078011,2.495625,25.568474,35.932510,94.870415,134.584210,-26.788149,-13.095935,40.129883,0.000000,0.000000,0.000000,-16.258110,0.322002,29.889999,36.760220,84.444389,140.349090,-30.233164,-0.937413,22.840635,0.000000,0.000000,0.000000,-9.147626,5.064225,37.973618,32.084099,70.183235,173.379900,-24.894524,-1.023800,29.518049,0.000000,0.000000,0.000000,-1.595859,-4.306104,39.979614,25.079931,56.079559,123.675640,-11.949761,4.395558,27.476507,0.000000,0.000000,0.000000,-3.839743,16.790014,15.052658,18.394817,51.924660,84.902435,-12.561500,3.257398,6.125926,0.000000,0.000000,0.000000,-5.277218,6.870731,7.895439,27.374226,64.474960,83.908073,-22.902922,-13.546651,22.139416,0.000000,0.000000,0.000000,-9.963678,-0.641786,14.651522,29.226980,66.736504,91.374031,-24.060356,-22.870031,30.898808,0.000000,0.000000,0.000000,-9.910150,4.286311,24.748610,20.334726,40.617432,79.975037,-14.458674,-9.850454,18.813992,0.000000,0.000000,0.000000,-1.200598,11.146934,5.314251,21.861031,47.960865,67.588394,-17.728294,-4.745640,15.221874,0.000000,0.000000,0.000000,1.622604,2.380399,11.903983,26.339012,53.233372,57.494198,-21.760969,3.313349,1.937671,0.000000,0.000000,0.000000,-1.036344,-3.853970,20.954861,23.597025,42.085659,69.756935,-18.420721,4.641865,-4.432388,0.000000,0.000000,0.000000,-1.660905,-1.930645,10.337220,15.841288,38.667168,70.235611,-14.983582,1.906328,4.284298,0.000000,0.000000,0.000000,0.176119,-1.275633,3.083766,15.978534,37.916176,55.471996,-12.388769,2.007163,6.314206,0.000000,0.000000,0.000000,1.124411,1.211752,0.110144,20.063080,35.339146,53.690304,-13.622438,-2.654836,6.849013,0.000000,0.000000,0.000000,-5.271979,0.343137,8.517041,22.761868,24.744503,48.498352,-11.348888,-6.188403,7.505219,0.000000,0.000000,0.000000,-7.987978,-1.378824,11.283179,18.831440,24.695892,41.987984,-10.392893,3.196424,4.971720,0.000000,0.000000,0.000000,-1.545792,0.275987,7.663783,17.100008,27.520477,54.092907,-9.234050,5.671021,0.643472,0.000000,0.000000,0.000000,-0.288785,0.861965,7.228101,12.084023,25.373732,41.195602,-7.184165,3.799385,1.371238,0.000000,0.000000,0.000000,-1.138220,0.475673,4.871289,13.125746,15.781424,42.264210,-2.116912,3.406824,4.959974,0.000000,0.000000,0.000000,-2.619820,-4.250988,4.936777,12.288377,20.585005,44.533665,-3.058247,4.281262,7.741620,0.000000,0.000000,0.000000,-4.276629,-0.565250,1.083676,15.035382,23.548178,43.272102,-10.973769,-1.041078,5.395436,0.000000,0.000000,0.000000,-5.164331,-2.913557,3.917734,15.978857,25.650461,58.148113,-9.345448,-6.830153,9.550426,0.000000,0.000000,0.000000,-4.968181,-4.034066,11.779602,12.887553,36.009945,43.627014,-8.298917,0.296498,9.515285,0.000000,0.000000,0.000000,-1.397816,-1.731243,15.907609,11.606791,35.310059,37.981770,-9.793759,-0.400737,7.230349,0.000000,0.000000,0.000000,-1.523699,1.909553,6.887337,12.142938,25.426270,28.471771,-4.893691,3.819390,4.570642,0.000000,0.000000,0.000000,-2.409310,1.364816,-0.488997,12.537591,26.113333,33.027496,-4.106951,5.007597,2.667380,0.000000,0.000000,0.000000,-3.940742,0.370210,-0.274983,14.451702,22.341228,38.411625,-6.704958,5.446367,4.051138,0.000000,0.000000,0.000000,-0.637476,-0.594850,4.664552,17.332949,24.646446,30.568298,-8.639310,4.250201,5.722265,0.000000,0.000000,0.000000,-2.064526,-4.031766,3.364148,16.183846,20.752083,24.727566,-5.783998,2.471177,2.703146,0.000000,0.000000,0.000000,-3.926424,-2.106778,5.552814,14.672861,12.977785,33.729137,-4.560989,2.461633,2.456690,0.000000,0.000000,0.000000,-2.108542,-2.315638,6.723127,12.254492,13.725880,35.769844,-1.333052,0.244169,3.309673,0.000000,0.000000,0.000000,-0.612847,-0.650440,1.638127,11.049209,17.271008,20.400873,-1.721482,-2.961490,4.730654,0.000000,0.000000,0.000000,0.787427,-0.829448,1.213042,12.367837,16.654713,18.199198,-3.242537,-2.476428,0.711219,0.000000,0.000000,0.000000,-2.837042,-0.530258,3.635488,14.152493,11.792423,22.460003,-1.004336,-1.449041,-1.330946,0.000000,0.000000,0.000000,-4.583952,-3.900716,3.218532,14.427779,12.557533,18.212969,-2.475307,-0.254381,1.229254,0.000000,0.000000,0.000000,-2.112535,-3.812866,0.425146,10.000808,13.008556,16.138489,-2.939425,-2.134386,3.034581,0.000000,0.000000,0.000000,-1.848710,-1.889434,-2.427433,9.767458,16.218243,20.304966,-3.194637,-0.184743,3.310710,0.000000,0.000000,0.000000,0.357491,-2.941372,0.302536,10.118532,14.073433,18.364676,-3.105206,-0.652637,1.316549,0.000000,0.000000,0.000000,1.215758,-1.596996,-1.475234,9.177386,11.031932,15.475514,-2.545602,-2.366665,2.746591,0.000000,0.000000,0.000000,1.438714,-0.749613,-0.705925,NaN,NaN,NaN,NaN,NaN,NaN,NaN,NaN,NaN,NaN,NaN,NaN,NaN,NaN,NaN,NaN,NaN,NaN,NaN,NaN,NaN,NaN,NaN,NaN,NaN,NaN,NaN,NaN,NaN,NaN,NaN,NaN,NaN,NaN,NaN,NaN,NaN,NaN,NaN,NaN,NaN,NaN,NaN,NaN,NaN,NaN,NaN,NaN,NaN,NaN,NaN,NaN,NaN,NaN,NaN,NaN,NaN,NaN,NaN,NaN,NaN,NaN,NaN,NaN,NaN,NaN,NaN,NaN,NaN,NaN,NaN,NaN,NaN,NaN,NaN,NaN,NaN,NaN,NaN,NaN,NaN,NaN,NaN,NaN,NaN,NaN,NaN,NaN,NaN,NaN,NaN,NaN,NaN,NaN,NaN,NaN,NaN,NaN,NaN,NaN,NaN,NaN,NaN,NaN,NaN,NaN,NaN,NaN,NaN,NaN,NaN,NaN,NaN,NaN,NaN,NaN,NaN,NaN,NaN,NaN,NaN,NaN,NaN,NaN,NaN,NaN,NaN,NaN,NaN,NaN,NaN,NaN,NaN,NaN,NaN,NaN,NaN,NaN,NaN,NaN,NaN,NaN,NaN,NaN,NaN,NaN,NaN,NaN,NaN,NaN,NaN,NaN,NaN,NaN,NaN,NaN,NaN,NaN,NaN,NaN,NaN,NaN,NaN,NaN,NaN,NaN,NaN,NaN,NaN,NaN,NaN,NaN,NaN,NaN,NaN,NaN,NaN,NaN,NaN,NaN,NaN,NaN,NaN,NaN,NaN,NaN,NaN,NaN,NaN,NaN,NaN,NaN,NaN,NaN,NaN,NaN,NaN,NaN,NaN,NaN,NaN,NaN,NaN,NaN,NaN,NaN,NaN,NaN,NaN,NaN,NaN,NaN,NaN,NaN,NaN,NaN,NaN,NaN,NaN,NaN,NaN,NaN,NaN,NaN,NaN,NaN,NaN,NaN,NaN,NaN,NaN,NaN,NaN,NaN,NaN,NaN,NaN,NaN,NaN,NaN,NaN,NaN,NaN,NaN,NaN,NaN,NaN,NaN,NaN,NaN,NaN,NaN,NaN,NaN,NaN,NaN,NaN,NaN,NaN,NaN,NaN,NaN,NaN,NaN,NaN,NaN,NaN,NaN,NaN,NaN,NaN,NaN,NaN,NaN,NaN,NaN,NaN,NaN,NaN,NaN,NaN,NaN,NaN,NaN,NaN,NaN,NaN,NaN,NaN,NaN,NaN,NaN,NaN,NaN,NaN,NaN,NaN,NaN,NaN,NaN,NaN,NaN,NaN,NaN,NaN,NaN,NaN,NaN,NaN,NaN,NaN,NaN,NaN,NaN,NaN,NaN,NaN,NaN,NaN,NaN,NaN,NaN,NaN,NaN,NaN,NaN,NaN,NaN,NaN,NaN,NaN,NaN,NaN,NaN,NaN,NaN,NaN,NaN,NaN,NaN,NaN,NaN,NaN,NaN,NaN,NaN,NaN,NaN,NaN,NaN,NaN,NaN,NaN,NaN,NaN,NaN,NaN,NaN,NaN,NaN,NaN,NaN,NaN,NaN,NaN,NaN,NaN,NaN,NaN,NaN,NaN,NaN,NaN,NaN,NaN,NaN,NaN,NaN,NaN,NaN,NaN,NaN,NaN,NaN,NaN,NaN,NaN,NaN,NaN,NaN,NaN,NaN,NaN,NaN,NaN,NaN,NaN,NaN,NaN,NaN,NaN,NaN,NaN,NaN,NaN,NaN,NaN,NaN,NaN,NaN,NaN,NaN,NaN,NaN,NaN,NaN,NaN,NaN,NaN,NaN,NaN,NaN,NaN,NaN,NaN,NaN,NaN,NaN,NaN,NaN,NaN,NaN,NaN,NaN,NaN,NaN,NaN,NaN,NaN,NaN,NaN,NaN,NaN,NaN,NaN,NaN,NaN,NaN,NaN,NaN,NaN,NaN,NaN,NaN,NaN,NaN,NaN,NaN,NaN,NaN,NaN,NaN,NaN,NaN,NaN,NaN,NaN,NaN,NaN,NaN,NaN,NaN,NaN,NaN,NaN,NaN,NaN,NaN,NaN,NaN,NaN,NaN,NaN,NaN,NaN,NaN,NaN,NaN,NaN,NaN,NaN,NaN,NaN,NaN,NaN,NaN,NaN,NaN,NaN,NaN,NaN,NaN,NaN,NaN,NaN,NaN,NaN,NaN,NaN,NaN,NaN,NaN,NaN,NaN,NaN,NaN,NaN,NaN,NaN,NaN,NaN,NaN,NaN,NaN,NaN,NaN,NaN,NaN,NaN,NaN,NaN,NaN,NaN,NaN,NaN,NaN,NaN,NaN,NaN,NaN,NaN,NaN,NaN,NaN,NaN,NaN,NaN,NaN,NaN,NaN,NaN,NaN,
SPECA,1365712922,1653312829.60,1653312931.60,33,NaN,NaN,NaN,NaN,NaN,NaN,NaN,NaN,NaN,NaN,NaN,NaN,NaN,NaN,NaN,NaN,NaN,NaN,NaN,NaN,NaN,NaN,NaN,NaN,NaN,NaN,NaN,NaN,NaN,NaN,NaN,NaN,NaN,NaN,NaN,NaN,198.836850,162.635770,52.079098,-12.690008,-24.326681,4.283937,0.000000,0.000000,0.000000,-1.334161,20.909269,-5.953346,278.300510,354.558410,109.381210,-51.658592,-27.053583,25.607281,0.000000,0.000000,0.000000,5.958283,32.011284,-28.890804,240.382640,509.220920,156.110900,-13.314355,22.502420,51.586437,0.000000,0.000000,0.000000,-6.225677,56.912273,4.544039,2557.308300,6060.356400,5250.412100,2180.796100,340.284000,1906.786500,0.000000,0.000000,0.000000,-889.577150,3052.283700,4417.165000,6814.581500,18847.381000,17699.520000,7714.760700,1108.999600,3711.424800,0.000000,0.000000,0.000000,-1230.824200,9659.393600,16139.553000,5380.898900,11985.225000,11149.215000,5247.106000,1934.699600,2153.881100,0.000000,0.000000,0.000000,355.415770,6530.198200,9811.428700,2277.266100,3850.949500,4168.498500,1760.692700,478.562900,536.214050,0.000000,0.000000,0.000000,50.558571,2446.556400,3295.036100,995.403200,1108.125600,1957.822300,273.786350,-74.042999,177.809750,0.000000,0.000000,0.000000,-240.604660,983.828310,895.733640,349.438660,718.211430,1014.492800,-40.429642,3.100227,134.800480,0.000000,0.000000,0.000000,-145.751100,331.697110,401.736330,105.035040,480.212280,513.234130,-31.334961,-21.182571,21.779188,0.000000,0.000000,0.000000,-61.731033,60.663223,271.818940,286.491090,692.448910,929.029420,-162.272190,-14.275008,-30.088491,0.000000,0.000000,0.000000,54.035988,-42.655602,431.599370,599.647640,962.323670,1130.370400,-472.895840,54.097488,-41.465717,0.000000,0.000000,0.000000,65.558014,-275.426330,572.164250,567.280270,852.849240,1244.691400,-490.495670,-12.741845,-29.011320,0.000000,0.000000,0.000000,-51.569988,-146.145650,445.966770,428.579190,645.434940,1240.952300,-287.182040,-8.184904,-79.120453,0.000000,0.000000,0.000000,-41.943199,100.152580,279.033260,302.165280,562.248290,1041.082300,-218.112210,83.777695,-88.997437,0.000000,0.000000,0.000000,40.366596,141.736080,52.376328,303.293790,662.657710,985.600220,-246.348500,31.792290,78.399384,0.000000,0.000000,0.000000,29.337925,166.377620,196.332320,339.315550,661.326540,1129.924800,-265.741210,66.845200,143.600910,0.000000,0.000000,0.000000,49.366280,116.437360,334.404910,239.132260,497.272280,898.024960,-151.873460,56.109844,154.930130,0.000000,0.000000,0.000000,-11.553041,40.470596,207.289320,285.535130,750.736940,955.477540,-271.841030,34.731743,142.094880,0.000000,0.000000,0.000000,-32.746380,120.096710,138.056400,258.422360,705.909480,1047.934000,-275.513030,39.212917,232.414340,0.000000,0.000000,0.000000,44.238007,22.314194,316.972410,148.976620,457.413330,899.712400,-150.275450,5.958996,112.813890,0.000000,0.000000,0.000000,20.565319,-26.324530,324.899510,141.632020,505.865690,730.119750,-167.326260,-54.381165,23.292938,0.000000,0.000000,0.000000,-4.948524,-86.001404,383.099490,145.625410,479.284820,643.565610,-154.699980,-44.190273,-7.426320,0.000000,0.000000,0.000000,-32.233810,-69.386696,292.824430,170.327270,496.073240,567.005680,-174.029460,-20.687574,-14.068960,0.000000,0.000000,0.000000,-8.105766,-75.326103,252.215260,201.068010,585.814090,652.672910,-246.488720,0.768687,40.161633,0.000000,0.000000,0.000000,53.924244,-92.282059,248.357590,231.201230,529.864870,678.110530,-250.255710,9.614091,29.408833,0.000000,0.000000,0.000000,11.872420,-68.021202,235.813250,165.237720,342.230290,612.424070,-148.654570,12.526779,37.889675,0.000000,0.000000,0.000000,-11.636705,-29.843000,210.320680,197.294690,436.726100,589.686340,-185.382810,-13.024172,103.103590,0.000000,0.000000,0.000000,-26.000820,-37.035973,213.775990,176.948140,478.407750,748.480470,-189.930830,-36.341671,180.415650,0.000000,0.000000,0.000000,-4.114592,-68.176186,283.231840,119.450020,373.942570,622.349910,-130.636630,-26.795689,88.382545,0.000000,0.000000,0.000000,-19.882837,-7.454724,148.519500,123.241970,353.390050,490.296780,-122.260860,14.130908,94.030968,0.000000,0.000000,0.000000,1.251608,-36.204094,159.108860,91.923660,314.612670,508.333130,-101.213630,-29.835720,172.271380,0.000000,0.000000,0.000000,2.001833,-41.674969,205.009290,86.750717,195.658580,397.765110,-85.728691,-43.161934,89.982033,0.000000,0.000000,0.000000,3.724472,-10.865908,100.826810,78.615097,195.248110,369.952360,-82.056984,-12.628546,6.213898,0.000000,0.000000,0.000000,-1.738388,-17.033583,131.884810,61.399315,229.584110,324.637330,-72.852615,-23.123955,18.512712,0.000000,0.000000,0.000000,-13.718161,-43.093067,152.412690,54.026470,163.810180,249.891880,-58.098907,-23.236813,40.283943,0.000000,0.000000,0.000000,-10.071623,-24.161278,92.620804,52.499454,127.623390,188.875460,-55.567909,-9.140060,15.587822,0.000000,0.000000,0.000000,-2.559023,-9.599916,58.317524,41.314133,133.515050,185.799350,-40.057491,-5.671567,18.841326,0.000000,0.000000,0.000000,-1.555988,1.848303,45.510582,44.437363,106.325620,157.214980,-38.708477,-11.656179,23.270332,0.000000,0.000000,0.000000,6.956156,13.389262,18.528578,40.563011,85.910233,180.891820,-38.012730,-7.426685,21.141890,0.000000,0.000000,0.000000,1.711265,0.765366,27.043741,35.576603,70.909302,180.675890,-29.163700,13.842462,13.218396,0.000000,0.000000,0.000000,4.584744,-11.510051,37.643459,36.129078,63.610161,186.334990,-31.649071,9.953865,9.083529,0.000000,0.000000,0.000000,4.070182,-7.224111,34.870800,52.349384,78.520081,184.682210,-39.183018,6.488739,11.854870,0.000000,0.000000,0.000000,-1.355188,-7.589306,32.365078,33.903805,68.943832,135.317950,-19.754230,3.044582,19.662479,0.000000,0.000000,0.000000,-5.137597,8.997941,21.279062,23.715235,58.442913,111.847080,-18.889616,8.790565,10.888858,0.000000,0.000000,0.000000,-5.757842,4.962919,6.865771,20.476393,66.151390,111.021840,-24.222548,-2.561400,12.613697,0.000000,0.000000,0.000000,-7.125143,1.235135,2.070326,26.953129,67.768234,98.486801,-26.498123,-8.203352,11.898671,0.000000,0.000000,0.000000,1.136815,-0.503595,5.507305,22.097157,52.009514,96.996620,-16.899920,-0.649650,6.035267,0.000000,0.000000,0.000000,5.984169,-0.056186,13.496758,18.492865,53.849606,99.085152,-14.607994,2.413627,19.525764,0.000000,0.000000,0.000000,4.000520,1.447511,5.676615,18.178234,45.995438,111.534800,-14.554100,4.679627,20.430483,0.000000,0.000000,0.000000,-3.232398,-0.190383,6.874028,21.018814,51.427685,86.981926,-20.428268,-3.710294,10.715633,0.000000,0.000000,0.000000,-5.461926,-11.848902,15.401768,20.223804,53.694035,79.129456,-15.034698,-2.776274,18.137205,0.000000,0.000000,0.000000,-2.724523,-2.935499,11.490891,14.607050,52.069672,86.163452,-12.193008,-10.893332,35.482960,0.000000,0.000000,0.000000,-6.673459,10.000886,3.625333,13.483280,41.930637,78.062416,-9.651981,-2.465192,25.070423,0.000000,0.000000,0.000000,-5.672819,3.699816,5.176606,13.042663,35.518497,67.003700,-8.803720,4.426315,3.925409,0.000000,0.000000,0.000000,0.858234,-4.651872,13.040049,15.694466,47.438732,68.520157,-14.010538,0.866951,12.395658,0.000000,0.000000,0.000000,-3.104859,-1.364344,9.325047,21.015408,39.015102,78.087646,-19.498226,-4.808505,16.366932,0.000000,0.000000,0.000000,-4.894437,6.324627,1.264813,21.736723,32.104660,69.985497,-18.676092,-4.828789,12.585505,0.000000,0.000000,0.000000,0.922189,3.050788,-2.243014,18.214331,30.478252,61.085583,-15.560930,-2.845559,9.935518,0.000000,0.000000,0.000000,-1.276609,-0.055764,9.247679,15.828271,35.263000,49.614544,-12.473914,0.779863,8.063164,0.000000,0.000000,0.000000,-4.362554,-1.959729,9.667885,13.286901,28.147799,43.028885,-4.012631,-0.727939,10.124825,0.000000,0.000000,0.000000,-1.873810,2.660606,0.827854,15.020849,26.200325,58.457119,-5.996809,-6.118176,18.481075,0.000000,0.000000,0.000000,-0.042535,-2.374004,13.098307,15.623250,29.502420,54.741798,-8.305501,-7.718446,20.513733,0.000000,0.000000,0.000000,-1.828090,-0.252954,12.649912,18.066710,49.691288,38.849735,-13.109506,-5.010147,15.772555,0.000000,0.000000,0.000000,-4.812232,-2.481762,14.663527,17.915070,40.899525,25.042639,-12.964614,-0.826961,7.807777,0.000000,0.000000,0.000000,-4.526284,-2.863343,3.712044,15.185534,25.097267,30.183254,-5.592192,-0.450687,5.299243,0.000000,0.000000,0.000000,-0.659809,-4.438613,-1.745571,18.826752,40.417252,41.852783,-12.306463,-4.733709,19.794176,0.000000,0.000000,0.000000,-0.710414,-0.754251,1.164759,20.730089,29.522577,51.479137,-9.169981,1.590386,16.651217,0.000000,0.000000,0.000000,-0.027133,2.906388,6.437932,18.006084,23.602917,30.082289,-8.301723,0.986699,8.614456,0.000000,0.000000,0.000000,-0.574783,6.546316,1.681213,16.455845,23.811737,28.919258,-3.052393,-0.277831,8.528798,0.000000,0.000000,0.000000,-1.293793,3.912094,1.144703,23.224895,26.304462,32.323097,-9.074940,-1.769366,6.335217,0.000000,0.000000,0.000000,0.330360,-4.764633,8.736142,23.497133,30.177910,30.556870,-12.114107,2.226794,2.727923,0.000000,0.000000,0.000000,3.679486,-6.544668,11.097964,17.098438,23.456110,31.789709,-9.456382,-3.095929,1.177523,0.000000,0.000000,0.000000,3.128978,-4.000020,5.948976,13.333898,18.629910,29.999632,-5.680473,-0.263882,4.631711,0.000000,0.000000,0.000000,2.809095,-1.211946,1.577804,11.695385,16.363682,23.746756,-4.610172,3.655089,1.503832,0.000000,0.000000,0.000000,0.312591,1.333019,-2.535445,15.582146,11.959359,21.122746,-2.982673,3.189635,2.658091,0.000000,0.000000,0.000000,-0.377143,0.094597,-0.443702,15.111468,15.353480,14.490910,-4.997743,1.202869,5.205602,0.000000,0.000000,0.000000,-1.839744,-0.533650,1.134733,10.690130,16.753786,13.841084,-3.498179,1.301556,2.719988,0.000000,0.000000,0.000000,-0.700659,-1.663984,-1.115729,8.375646,14.438689,17.424278,-1.182948,1.666927,2.409202,0.000000,0.000000,0.000000,0.589976,-1.474487,1.114994,NaN,NaN,NaN,NaN,NaN,NaN,NaN,NaN,NaN,NaN,NaN,NaN,NaN,NaN,NaN,NaN,NaN,NaN,NaN,NaN,NaN,NaN,NaN,NaN,NaN,NaN,NaN,NaN,NaN,NaN,NaN,NaN,NaN,NaN,NaN,NaN,NaN,NaN,NaN,NaN,NaN,NaN,NaN,NaN,NaN,NaN,NaN,NaN,NaN,NaN,NaN,NaN,NaN,NaN,NaN,NaN,NaN,NaN,NaN,NaN,NaN,NaN,NaN,NaN,NaN,NaN,NaN,NaN,NaN,NaN,NaN,NaN,NaN,NaN,NaN,NaN,NaN,NaN,NaN,NaN,NaN,NaN,NaN,NaN,NaN,NaN,NaN,NaN,NaN,NaN,NaN,NaN,NaN,NaN,NaN,NaN,NaN,NaN,NaN,NaN,NaN,NaN,NaN,NaN,NaN,NaN,NaN,NaN,NaN,NaN,NaN,NaN,NaN,NaN,NaN,NaN,NaN,NaN,NaN,NaN,NaN,NaN,NaN,NaN,NaN,NaN,NaN,NaN,NaN,NaN,NaN,NaN,NaN,NaN,NaN,NaN,NaN,NaN,NaN,NaN,NaN,NaN,NaN,NaN,NaN,NaN,NaN,NaN,NaN,NaN,NaN,NaN,NaN,NaN,NaN,NaN,NaN,NaN,NaN,NaN,NaN,NaN,NaN,NaN,NaN,NaN,NaN,NaN,NaN,NaN,NaN,NaN,NaN,NaN,NaN,NaN,NaN,NaN,NaN,NaN,NaN,NaN,NaN,NaN,NaN,NaN,NaN,NaN,NaN,NaN,NaN,NaN,NaN,NaN,NaN,NaN,NaN,NaN,NaN,NaN,NaN,NaN,NaN,NaN,NaN,NaN,NaN,NaN,NaN,NaN,NaN,NaN,NaN,NaN,NaN,NaN,NaN,NaN,NaN,NaN,NaN,NaN,NaN,NaN,NaN,NaN,NaN,NaN,NaN,NaN,NaN,NaN,NaN,NaN,NaN,NaN,NaN,NaN,NaN,NaN,NaN,NaN,NaN,NaN,NaN,NaN,NaN,NaN,NaN,NaN,NaN,NaN,NaN,NaN,NaN,NaN,NaN,NaN,NaN,NaN,NaN,NaN,NaN,NaN,NaN,NaN,NaN,NaN,NaN,NaN,NaN,NaN,NaN,NaN,NaN,NaN,NaN,NaN,NaN,NaN,NaN,NaN,NaN,NaN,NaN,NaN,NaN,NaN,NaN,NaN,NaN,NaN,NaN,NaN,NaN,NaN,NaN,NaN,NaN,NaN,NaN,NaN,NaN,NaN,NaN,NaN,NaN,NaN,NaN,NaN,NaN,NaN,NaN,NaN,NaN,NaN,NaN,NaN,NaN,NaN,NaN,NaN,NaN,NaN,NaN,NaN,NaN,NaN,NaN,NaN,NaN,NaN,NaN,NaN,NaN,NaN,NaN,NaN,NaN,NaN,NaN,NaN,NaN,NaN,NaN,NaN,NaN,NaN,NaN,NaN,NaN,NaN,NaN,NaN,NaN,NaN,NaN,NaN,NaN,NaN,NaN,NaN,NaN,NaN,NaN,NaN,NaN,NaN,NaN,NaN,NaN,NaN,NaN,NaN,NaN,NaN,NaN,NaN,NaN,NaN,NaN,NaN,NaN,NaN,NaN,NaN,NaN,NaN,NaN,NaN,NaN,NaN,NaN,NaN,NaN,NaN,NaN,NaN,NaN,NaN,NaN,NaN,NaN,NaN,NaN,NaN,NaN,NaN,NaN,NaN,NaN,NaN,NaN,NaN,NaN,NaN,NaN,NaN,NaN,NaN,NaN,NaN,NaN,NaN,NaN,NaN,NaN,NaN,NaN,NaN,NaN,NaN,NaN,NaN,NaN,NaN,NaN,NaN,NaN,NaN,NaN,NaN,NaN,NaN,NaN,NaN,NaN,NaN,NaN,NaN,NaN,NaN,NaN,NaN,NaN,NaN,NaN,NaN,NaN,NaN,NaN,NaN,NaN,NaN,NaN,NaN,NaN,NaN,NaN,NaN,NaN,NaN,NaN,NaN,NaN,NaN,NaN,NaN,NaN,NaN,NaN,NaN,NaN,NaN,NaN,NaN,NaN,NaN,NaN,NaN,NaN,NaN,NaN,NaN,NaN,NaN,NaN,NaN,NaN,NaN,NaN,NaN,NaN,NaN,NaN,NaN,NaN,NaN,NaN,NaN,NaN,NaN,NaN,NaN,NaN,NaN,NaN,NaN,NaN,NaN,NaN,NaN,NaN,NaN,NaN,NaN,NaN,NaN,NaN,NaN,NaN,NaN,NaN,NaN,NaN,NaN,NaN,NaN,NaN,NaN,NaN,NaN,NaN,NaN,NaN,NaN,NaN,NaN,NaN,NaN,NaN,NaN,
SPECA,1367511033,1653314629.60,1653314731.60,33,NaN,NaN,NaN,NaN,NaN,NaN,NaN,NaN,NaN,NaN,NaN,NaN,NaN,NaN,NaN,NaN,NaN,NaN,NaN,NaN,NaN,NaN,NaN,NaN,NaN,NaN,NaN,NaN,NaN,NaN,NaN,NaN,NaN,NaN,NaN,NaN,247.207960,531.695310,121.094340,20.755671,5.719011,32.776508,0.000000,0.000000,0.000000,-21.540497,26.925810,10.534997,180.278110,474.205780,76.105515,17.668165,6.144360,1.938076,0.000000,0.000000,0.000000,-21.636253,26.753702,14.143053,341.801060,546.234130,157.542130,-73.432625,25.996031,-10.862686,0.000000,0.000000,0.000000,35.285484,30.585209,-36.274021,2728.877900,3670.965600,3805.299800,1570.242400,439.186220,839.243230,0.000000,0.000000,0.000000,-85.095406,2351.722700,2646.138200,8181.152800,13729.570000,18404.090000,8193.346700,2352.596200,1756.308600,0.000000,0.000000,0.000000,809.198060,10771.648000,14157.081000,5633.072300,10095.315000,15010.641000,5158.804700,2002.574100,1156.975600,0.000000,0.000000,0.000000,813.239070,7905.893600,10671.978000,1559.011400,2982.486100,3759.867400,723.966670,681.367860,662.455440,0.000000,0.000000,0.000000,32.181255,1857.003500,2269.804900,565.080810,952.156620,1537.998900,235.927020,147.401890,210.384120,0.000000,0.000000,0.000000,-40.191723,634.178770,825.324340,317.400150,648.149900,964.983520,119.316090,12.747141,-5.316902,0.000000,0.000000,0.000000,9.536241,244.050780,494.501530,305.550510,849.964900,913.168580,-63.534805,55.100994,135.060850,0.000000,0.000000,0.000000,28.484095,180.184460,408.659390,415.954990,848.493960,969.137570,-323.893950,-50.340027,213.613170,0.000000,0.000000,0.000000,-40.631996,179.488690,221.565310,646.948790,1222.425200,1551.946500,-624.730590,-145.712270,346.469180,0.000000,0.000000,0.000000,-39.758728,-77.869324,589.431880,543.471130,1129.094800,1449.879300,-529.178830,-38.765694,186.773500,0.000000,0.000000,0.000000,-68.345200,-231.498840,795.503600,436.372280,933.065120,1093.492200,-414.620300,134.519530,14.097604,0.000000,0.000000,0.000000,59.026352,-128.089460,605.544370,243.187260,814.718140,1082.045200,-229.239580,28.684601,94.046967,0.000000,0.000000,0.000000,65.238022,28.400829,440.773440,194.568120,799.309630,1320.250900,-154.177110,39.341541,66.273788,0.000000,0.000000,0.000000,-0.389470,111.295200,508.441710,317.994750,798.680360,1134.108400,-232.031680,43.761585,107.407590,0.000000,0.000000,0.000000,-18.227589,216.322950,271.102540,429.532620,643.325380,849.317080,-312.782230,39.514450,70.964943,0.000000,0.000000,0.000000,-70.494858,231.512410,52.772209,425.404750,747.828130,601.221740,-410.799560,17.260080,-9.467295,0.000000,0.000000,0.000000,-64.666260,122.274950,101.149520,263.406190,864.810610,783.072080,-331.430730,-24.219187,45.187042,0.000000,0.000000,0.000000,-16.012894,83.576347,196.991170,265.197170,683.681950,944.748230,-285.371950,27.954994,46.955368,0.000000,0.000000,0.000000,-7.224333,60.709984,234.696030,234.068590,493.277680,621.903750,-202.925000,38.878998,25.433220,0.000000,0.000000,0.000000,-34.456028,66.614288,167.578430,177.346530,534.281560,542.506160,-147.830110,4.072304,110.695990,0.000000,0.000000,0.000000,-61.274040,58.706879,149.994480,166.051570,523.276250,642.468020,-151.670320,-36.308990,240.494510,0.000000,0.000000,0.000000,-48.571602,77.663841,177.874180,225.677600,501.734530,679.892700,-191.168260,-21.432796,173.052000,0.000000,0.000000,0.000000,2.867684,65.244843,172.167070,237.645290,517.457340,758.010070,-216.824920,16.388996,4.750196,0.000000,0.000000,0.000000,51.274864,4.611816,204.511660,167.750920,451.180050,703.498410,-169.571820,14.022753,12.396912,0.000000,0.000000,0.000000,-27.023670,-57.658478,163.435150,203.207790,356.634610,559.658630,-161.458040,-8.546572,35.031521,0.000000,0.000000,0.000000,-19.026093,21.123608,73.918030,197.833070,318.827150,446.962740,-147.107420,-64.986687,106.956990,0.000000,0.000000,0.000000,-47.907719,66.238945,72.086380,142.617360,284.846770,372.426360,-124.025080,-47.149979,45.024765,0.000000,0.000000,0.000000,-41.699913,49.261745,-0.934913,106.959930,300.218810,456.496800,-128.141820,-20.682316,71.160904,0.000000,0.000000,0.000000,-1.301354,8.910917,46.186790,149.472120,280.140780,465.211610,-156.588780,-17.725714,75.721382,0.000000,0.000000,0.000000,4.700624,9.030198,68.362770,125.647000,197.621290,371.200780,-102.655000,-6.553602,49.263885,0.000000,0.000000,0.000000,13.813519,11.784933,73.904663,80.296814,182.400510,303.551510,-76.124611,-31.386940,61.239506,0.000000,0.000000,0.000000,-6.804552,10.594819,53.763062,61.050617,200.970610,259.737610,-66.526947,-14.572709,81.474915,0.000000,0.000000,0.000000,-2.305470,-17.275925,73.587555,59.392529,158.182210,306.632660,-61.574848,1.421521,53.819954,0.000000,0.000000,0.000000,-13.244737,-18.960159,67.269791,41.572948,143.402240,254.579570,-45.494843,-29.809181,45.383667,0.000000,0.000000,0.000000,-16.153116,-6.970607,45.869537,51.271477,134.577560,188.967130,-55.965084,-2.761606,-3.817404,0.000000,0.000000,0.000000,-5.638347,2.827093,-1.651093,54.036026,117.917450,205.137150,-51.691376,10.279127,-0.870012,0.000000,0.000000,0.000000,4.576850,8.553433,16.676168,34.615505,93.812775,193.598560,-23.165030,-2.669791,23.233030,0.000000,0.000000,0.000000,0.953961,5.163616,44.402851,38.379333,98.165382,159.879900,-26.939240,-5.163025,41.338974,0.000000,0.000000,0.000000,1.870233,4.383556,20.490391,46.144989,82.344070,132.987440,-33.373371,-17.634693,30.149712,0.000000,0.000000,0.000000,7.851369,7.070818,7.789778,42.920807,74.600777,135.625240,-31.393812,-16.104340,11.203896,0.000000,0.000000,0.000000,7.048631,-12.160542,33.977413,38.776253,75.674683,166.052090,-31.559231,4.556925,0.010731,0.000000,0.000000,0.000000,9.053205,-10.172740,41.045582,29.151880,52.590500,173.458470,-21.930153,0.320139,25.701408,0.000000,0.000000,0.000000,5.315993,2.570205,15.736681,26.191223,40.301319,159.808040,-18.980591,-0.684825,17.255068,0.000000,0.000000,0.000000,-3.521381,8.797597,13.606749,26.131248,43.143394,134.506290,-15.857940,-3.563985,15.024680,0.000000,0.000000,0.000000,-1.828211,0.761765,17.542707,29.122705,64.862556,111.359340,-23.954710,-10.996862,32.696522,0.000000,0.000000,0.000000,-9.850014,-2.503869,12.219726,23.788034,38.962334,101.221400,-15.422548,-12.102965,22.455957,0.000000,0.000000,0.000000,-6.099364,4.057569,4.632717,23.211876,41.506653,96.810898,-18.359621,3.355810,-0.491716,0.000000,0.000000,0.000000,1.738633,7.966717,3.291865,24.498137,37.895691,106.647440,-14.389263,17.410461,-8.201283,0.000000,0.000000,0.000000,2.444325,5.473109,5.999261,22.548456,39.638092,65.894753,-13.083998,0.584600,3.623833,0.000000,0.000000,0.000000,-4.725348,0.026279,9.986266,21.157862,43.220856,80.454987,-15.795306,-0.787034,15.568798,0.000000,0.000000,0.000000,-0.971829,-0.993948,8.730587,24.549410,41.971554,79.076767,-19.154287,-2.704844,20.000856,0.000000,0.000000,0.000000,-5.786434,3.266322,11.196772,24.563105,37.033348,79.175331,-20.562759,-4.353837,14.035028,0.000000,0.000000,0.000000,-4.806755,6.924222,3.010724,18.494577,34.244282,76.455711,-14.697401,-0.947307,14.278747,0.000000,0.000000,0.000000,-2.474872,7.775469,-3.783043,17.072016,34.440845,64.361092,-13.601003,-0.066806,13.909200,0.000000,0.000000,0.000000,-2.549183,2.038399,-1.708872,15.903933,36.098663,65.812233,-13.004657,1.380631,13.596549,0.000000,0.000000,0.000000,-0.647279,0.466629,3.677207,12.442466,37.499046,66.776970,-11.508552,0.605511,16.463112,0.000000,0.000000,0.000000,0.989355,3.967098,-0.227677,11.700294,35.840973,56.901451,-11.214627,0.890454,11.077023,0.000000,0.000000,0.000000,-0.288112,1.219156,1.147690,13.054333,42.253757,49.878426,-12.504434,0.577207,5.637923,0.000000,0.000000,0.000000,3.253849,-1.309497,6.393888,15.222358,37.719585,60.261707,-14.934435,-9.805322,16.553900,0.000000,0.000000,0.000000,1.771473,-3.113158,3.976878,19.626028,27.487173,58.990379,-10.932661,-9.384134,19.506477,0.000000,0.000000,0.000000,4.159311,-4.673384,-1.967499,18.226334,33.419575,53.030602,-14.104228,-4.694476,9.717158,0.000000,0.000000,0.000000,2.146224,-0.977334,-8.024070,18.262461,36.686535,47.691162,-18.097425,-0.573900,9.848185,0.000000,0.000000,0.000000,-2.043421,5.986543,-7.084119,15.654131,28.321865,33.795807,-13.026234,2.409671,1.553581,0.000000,0.000000,0.000000,-0.320650,1.486178,-2.918758,15.722619,32.520046,33.105377,-11.691552,6.969309,-0.301976,0.000000,0.000000,0.000000,-0.895610,1.896163,-4.444491,20.845900,39.462681,28.682371,-15.348792,0.712163,10.751752,0.000000,0.000000,0.000000,-0.823921,7.522304,-9.082518,20.850332,37.602150,33.510708,-15.212619,-4.032124,12.385192,0.000000,0.000000,0.000000,2.055662,9.080271,-11.370570,16.850872,32.243404,33.278358,-10.737716,-0.595149,8.732155,0.000000,0.000000,0.000000,-1.106164,6.253292,-5.968262,14.551721,35.650917,30.163387,-10.783897,1.654389,5.410688,0.000000,0.000000,0.000000,1.322315,3.748527,-0.489716,12.429314,28.277557,27.433046,-8.081643,-1.276720,2.776889,0.000000,0.000000,0.000000,0.807787,2.345676,2.141920,12.009023,26.152725,24.963911,-4.874347,-0.008532,3.539217,0.000000,0.000000,0.000000,1.633542,2.676999,-0.708264,13.405201,26.822834,19.270412,-5.907239,4.107334,2.466558,0.000000,0.000000,0.000000,0.160743,3.955950,-4.240725,13.512370,28.042171,19.770489,-8.484391,-1.924876,5.675059,0.000000,0.000000,0.000000,2.977835,-0.950963,-2.366708,13.705720,19.812370,19.637554,-6.080745,-2.335918,4.794799,0.000000,0.000000,0.000000,1.267961,2.341150,-0.756958,14.458147,19.537041,18.261631,-4.773723,-1.690675,4.571898,0.000000,0.000000,0.000000,-3.896447,3.420550,-0.211063,14.130621,21.051926,18.888186,-4.651978,0.279440,3.061933,0.000000,0.000000,0.000000,-3.976051,0.877074,1.706809,13.560383,17.144350,16.915165,-6.883022,3.608906,-1.213704,0.000000,0.000000,0.000000,-1.706166,-0.371548,1.199432,NaN,NaN,NaN,NaN,NaN,NaN,NaN,NaN,NaN,NaN,NaN,NaN,NaN,NaN,NaN,NaN,NaN,NaN,NaN,NaN,NaN,NaN,NaN,NaN,NaN,NaN,NaN,NaN,NaN,NaN,NaN,NaN,NaN,NaN,NaN,NaN,NaN,NaN,NaN,NaN,NaN,NaN,NaN,NaN,NaN,NaN,NaN,NaN,NaN,NaN,NaN,NaN,NaN,NaN,NaN,NaN,NaN,NaN,NaN,NaN,NaN,NaN,NaN,NaN,NaN,NaN,NaN,NaN,NaN,NaN,NaN,NaN,NaN,NaN,NaN,NaN,NaN,NaN,NaN,NaN,NaN,NaN,NaN,NaN,NaN,NaN,NaN,NaN,NaN,NaN,NaN,NaN,NaN,NaN,NaN,NaN,NaN,NaN,NaN,NaN,NaN,NaN,NaN,NaN,NaN,NaN,NaN,NaN,NaN,NaN,NaN,NaN,NaN,NaN,NaN,NaN,NaN,NaN,NaN,NaN,NaN,NaN,NaN,NaN,NaN,NaN,NaN,NaN,NaN,NaN,NaN,NaN,NaN,NaN,NaN,NaN,NaN,NaN,NaN,NaN,NaN,NaN,NaN,NaN,NaN,NaN,NaN,NaN,NaN,NaN,NaN,NaN,NaN,NaN,NaN,NaN,NaN,NaN,NaN,NaN,NaN,NaN,NaN,NaN,NaN,NaN,NaN,NaN,NaN,NaN,NaN,NaN,NaN,NaN,NaN,NaN,NaN,NaN,NaN,NaN,NaN,NaN,NaN,NaN,NaN,NaN,NaN,NaN,NaN,NaN,NaN,NaN,NaN,NaN,NaN,NaN,NaN,NaN,NaN,NaN,NaN,NaN,NaN,NaN,NaN,NaN,NaN,NaN,NaN,NaN,NaN,NaN,NaN,NaN,NaN,NaN,NaN,NaN,NaN,NaN,NaN,NaN,NaN,NaN,NaN,NaN,NaN,NaN,NaN,NaN,NaN,NaN,NaN,NaN,NaN,NaN,NaN,NaN,NaN,NaN,NaN,NaN,NaN,NaN,NaN,NaN,NaN,NaN,NaN,NaN,NaN,NaN,NaN,NaN,NaN,NaN,NaN,NaN,NaN,NaN,NaN,NaN,NaN,NaN,NaN,NaN,NaN,NaN,NaN,NaN,NaN,NaN,NaN,NaN,NaN,NaN,NaN,NaN,NaN,NaN,NaN,NaN,NaN,NaN,NaN,NaN,NaN,NaN,NaN,NaN,NaN,NaN,NaN,NaN,NaN,NaN,NaN,NaN,NaN,NaN,NaN,NaN,NaN,NaN,NaN,NaN,NaN,NaN,NaN,NaN,NaN,NaN,NaN,NaN,NaN,NaN,NaN,NaN,NaN,NaN,NaN,NaN,NaN,NaN,NaN,NaN,NaN,NaN,NaN,NaN,NaN,NaN,NaN,NaN,NaN,NaN,NaN,NaN,NaN,NaN,NaN,NaN,NaN,NaN,NaN,NaN,NaN,NaN,NaN,NaN,NaN,NaN,NaN,NaN,NaN,NaN,NaN,NaN,NaN,NaN,NaN,NaN,NaN,NaN,NaN,NaN,NaN,NaN,NaN,NaN,NaN,NaN,NaN,NaN,NaN,NaN,NaN,NaN,NaN,NaN,NaN,NaN,NaN,NaN,NaN,NaN,NaN,NaN,NaN,NaN,NaN,NaN,NaN,NaN,NaN,NaN,NaN,NaN,NaN,NaN,NaN,NaN,NaN,NaN,NaN,NaN,NaN,NaN,NaN,NaN,NaN,NaN,NaN,NaN,NaN,NaN,NaN,NaN,NaN,NaN,NaN,NaN,NaN,NaN,NaN,NaN,NaN,NaN,NaN,NaN,NaN,NaN,NaN,NaN,NaN,NaN,NaN,NaN,NaN,NaN,NaN,NaN,NaN,NaN,NaN,NaN,NaN,NaN,NaN,NaN,NaN,NaN,NaN,NaN,NaN,NaN,NaN,NaN,NaN,NaN,NaN,NaN,NaN,NaN,NaN,NaN,NaN,NaN,NaN,NaN,NaN,NaN,NaN,NaN,NaN,NaN,NaN,NaN,NaN,NaN,NaN,NaN,NaN,NaN,NaN,NaN,NaN,NaN,NaN,NaN,NaN,NaN,NaN,NaN,NaN,NaN,NaN,NaN,NaN,NaN,NaN,NaN,NaN,NaN,NaN,NaN,NaN,NaN,NaN,NaN,NaN,NaN,NaN,NaN,NaN,NaN,NaN,NaN,NaN,NaN,NaN,NaN,NaN,NaN,NaN,NaN,NaN,NaN,NaN,NaN,NaN,NaN,NaN,NaN,NaN,NaN,NaN,NaN,NaN,NaN,NaN,NaN,NaN,NaN,NaN,NaN,NaN,NaN,NaN,NaN,NaN,NaN,
SPECA,1369309140,1653316429.60,1653316531.60,33,NaN,NaN,NaN,NaN,NaN,NaN,NaN,NaN,NaN,NaN,NaN,NaN,NaN,NaN,NaN,NaN,NaN,NaN,NaN,NaN,NaN,NaN,NaN,NaN,NaN,NaN,NaN,NaN,NaN,NaN,NaN,NaN,NaN,NaN,NaN,NaN,1.716814,2.700716,0.320489,-0.729489,-0.038351,-0.072865,0.000000,0.000000,0.000000,-0.355635,0.008549,-0.026743,210.888290,301.142490,44.761120,-122.507780,6.709898,-0.361539,0.000000,0.000000,0.000000,-24.956564,-22.925903,8.265441,654.040470,878.907530,338.489690,-205.749940,139.748180,-24.349602,0.000000,0.000000,0.000000,51.473816,78.357231,148.950290,4376.147900,5140.790000,6898.312000,2821.509500,318.276030,702.841740,0.000000,0.000000,0.000000,-331.594820,4592.955600,5135.818800,11086.266000,17594.607000,23939.734000,10703.025000,1472.704200,1151.435100,0.000000,0.000000,0.000000,170.855420,15157.954000,18639.283000,7937.796400,11977.462000,17197.057000,6424.161100,2545.839400,-122.804410,0.000000,0.000000,0.000000,1833.929400,10430.345000,12372.540000,2253.272000,4837.782200,5030.800800,1443.463700,567.745120,571.437440,0.000000,0.000000,0.000000,196.031910,2543.632100,3940.770800,739.458740,1651.156300,1571.032500,140.720460,34.666397,79.217133,0.000000,0.000000,0.000000,-128.544540,625.812620,1164.689500,276.100400,953.710820,841.221740,66.345619,18.983681,67.503654,0.000000,0.000000,0.000000,-48.477829,234.051710,510.765380,187.059510,791.831850,658.654110,-70.877136,49.370117,59.346096,0.000000,0.000000,0.000000,74.612411,132.029020,266.913940,349.634860,791.561040,1226.779300,-260.129430,111.150430,-110.299670,0.000000,0.000000,0.000000,34.884468,55.304890,270.811310,457.299350,816.040040,1745.322000,-360.732060,157.847380,-172.849260,0.000000,0.000000,0.000000,-17.549849,-23.939190,331.740600,328.354060,1108.027600,1495.613500,-384.692020,124.658520,-222.226610,0.000000,0.000000,0.000000,2.547390,-82.532921,498.148560,297.861110,927.736630,1194.877200,-370.445770,-72.737404,132.475920,0.000000,0.000000,0.000000,-15.167921,-122.231900,484.744320,290.052550,784.836670,1007.237900,-253.282390,32.851921,102.169370,0.000000,0.000000,0.000000,43.502949,112.437510,262.958980,350.219910,639.780940,808.534060,-277.857210,90.812408,-10.055787,0.000000,0.000000,0.000000,-12.299659,194.828170,58.277443,297.819430,547.981990,822.187010,-244.035570,8.791233,38.253925,0.000000,0.000000,0.000000,-61.619419,148.574510,93.925911,355.739960,597.342900,1032.307300,-283.659820,-23.746185,47.388584,0.000000,0.000000,0.000000,-60.881310,157.412540,168.934690,472.180790,824.658690,1335.663900,-434.249820,103.860620,-89.199997,0.000000,0.000000,0.000000,-12.557811,163.239410,192.408920,363.703700,625.943730,1253.603500,-297.702670,185.787700,-70.858032,0.000000,0.000000,0.000000,10.620049,103.464060,184.619870,198.900450,534.335080,968.413330,-150.383210,19.800871,77.810547,0.000000,0.000000,0.000000,11.993519,98.404541,155.510100,233.037060,722.885440,613.787540,-273.021300,-50.835823,173.971340,0.000000,0.000000,0.000000,-15.637748,-58.783443,257.491550,186.242810,590.500850,591.429930,-227.468250,-45.067501,121.314920,0.000000,0.000000,0.000000,-57.415394,-64.270599,278.885860,169.218060,457.043400,506.112000,-190.707670,30.551235,33.653156,0.000000,0.000000,0.000000,-23.694988,23.957508,104.975980,145.441730,419.016200,604.091250,-143.201080,32.060932,-13.366518,0.000000,0.000000,0.000000,31.120918,-4.776467,98.432022,154.947340,422.085970,649.403810,-129.498080,-50.495544,60.863037,0.000000,0.000000,0.000000,0.870986,15.390436,130.329650,197.600200,354.901860,545.211670,-162.999660,-86.368011,69.610085,0.000000,0.000000,0.000000,-44.710709,22.677654,88.795059,195.058730,350.058410,520.626770,-186.779190,-63.543846,88.703682,0.000000,0.000000,0.000000,-35.472412,-101.249520,218.688370,141.739350,288.472720,504.497710,-128.308720,-33.124794,67.041061,0.000000,0.000000,0.000000,-14.097723,-48.282440,164.010470,97.908852,231.519840,554.764770,-74.347900,21.056107,22.210363,0.000000,0.000000,0.000000,5.123146,-8.007393,134.396910,119.376140,311.787870,362.810940,-118.107260,-12.364350,54.387306,0.000000,0.000000,0.000000,-17.241470,2.451488,124.007530,86.763222,357.063600,499.107120,-126.238980,-61.381683,149.069530,0.000000,0.000000,0.000000,2.825856,-21.179119,121.863300,121.775290,350.031190,575.332400,-154.350860,-24.406973,99.157471,0.000000,0.000000,0.000000,-2.557900,-8.946119,134.762480,89.745682,278.416630,421.600190,-89.611954,-16.664860,63.640900,0.000000,0.000000,0.000000,-7.264165,-11.190151,125.919140,56.664665,193.673100,291.402620,-53.475269,-3.226942,39.054401,0.000000,0.000000,0.000000,-5.223889,-7.957661,92.448708,64.715317,106.635010,310.372010,-37.510014,-1.906963,39.198071,0.000000,0.000000,0.000000,0.720872,14.834394,28.563528,58.041382,114.509560,228.615460,-28.404102,-4.490980,53.494308,0.000000,0.000000,0.000000,-9.161150,30.437843,15.923685,47.710930,139.528730,180.480530,-43.899204,18.921268,13.198076,0.000000,0.000000,0.000000,-8.329018,6.114146,38.237099,47.411678,129.454530,232.548430,-51.288040,2.368046,29.518623,0.000000,0.000000,0.000000,-9.152020,-12.066883,36.695614,54.587051,138.676620,232.250490,-44.273788,1.306201,36.312195,0.000000,0.000000,0.000000,1.123256,-13.330330,41.988342,53.016811,136.050170,192.869030,-40.967834,5.077953,19.497581,0.000000,0.000000,0.000000,-8.221164,-19.312502,31.024475,40.503044,99.437057,132.001800,-34.224373,0.902974,13.400689,0.000000,0.000000,0.000000,-10.736577,0.969804,15.870474,29.070343,114.074720,171.346880,-22.658810,2.663652,24.758715,0.000000,0.000000,0.000000,-13.150232,-0.706604,27.694868,27.382301,86.040184,183.773330,-18.129448,-6.889019,36.957561,0.000000,0.000000,0.000000,-6.020766,-10.391251,29.920364,35.120998,89.799393,204.686680,-33.862450,-28.441990,63.745609,0.000000,0.000000,0.000000,-7.005864,-16.597439,36.092583,29.766882,78.398491,162.648270,-24.110119,-16.093204,27.527006,0.000000,0.000000,0.000000,-11.103764,0.519576,17.474045,23.906818,69.333687,117.045060,-23.772995,-6.831232,10.081429,0.000000,0.000000,0.000000,-9.336218,-7.398119,20.596056,24.474436,59.751560,130.184720,-19.286913,6.164129,13.623075,0.000000,0.000000,0.000000,-3.409580,-4.658018,16.000893,21.084852,65.159546,130.318250,-18.571438,1.252018,16.477535,0.000000,0.000000,0.000000,-1.517119,-9.458480,25.315145,22.390133,55.286034,122.089540,-19.682575,1.737895,19.557165,0.000000,0.000000,0.000000,-2.158136,2.663394,-4.507090,18.178318,46.571739,136.813490,-15.143119,3.822677,21.314859,0.000000,0.000000,0.000000,-3.729827,-2.843639,-4.799867,16.194120,40.236721,93.163902,-11.848857,1.082113,6.468496,0.000000,0.000000,0.000000,-2.875389,-3.166072,-0.855146,13.519699,43.627182,134.156570,-11.621694,-6.411921,28.093447,0.000000,0.000000,0.000000,-3.757553,6.178771,23.628096,13.638155,54.315636,132.127120,-13.576334,-5.930694,18.252741,0.000000,0.000000,0.000000,-5.188062,6.839148,12.193680,16.901123,55.966820,111.637730,-13.967914,-11.100295,8.980354,0.000000,0.000000,0.000000,-9.574542,3.675623,5.893969,14.703927,42.159855,111.582940,-12.164773,-11.893926,14.487144,0.000000,0.000000,0.000000,-4.716077,-0.968038,12.382216,16.349861,35.193676,98.657867,-9.197426,-6.091295,11.741022,0.000000,0.000000,0.000000,-5.315814,3.049452,5.579086,19.269594,37.288525,65.700958,-9.858955,-3.455584,9.590913,0.000000,0.000000,0.000000,-1.330210,0.353156,-3.925851,16.454634,30.900013,73.882774,-6.845809,2.386001,8.763426,0.000000,0.000000,0.000000,3.767863,2.417083,8.326738,19.631536,35.360355,64.659790,-9.027746,0.251325,16.525496,0.000000,0.000000,0.000000,3.756541,3.343952,5.474322,18.004705,39.146229,55.229595,-11.179731,-0.059396,19.765419,0.000000,0.000000,0.000000,-0.619008,3.418694,-1.977774,20.523167,36.280781,62.854900,-12.490602,2.921913,14.911635,0.000000,0.000000,0.000000,-5.371701,1.917353,0.484670,22.195948,35.721939,54.603619,-14.857434,-0.317567,9.548907,0.000000,0.000000,0.000000,-1.711491,4.340541,-6.467408,14.908607,32.403881,38.668198,-8.662239,-2.722604,7.858812,0.000000,0.000000,0.000000,-5.037913,1.741494,-4.739501,15.525422,36.863327,36.798283,-8.920419,0.575618,5.246066,0.000000,0.000000,0.000000,-3.500807,6.055114,-4.734754,20.086323,40.042175,43.531300,-11.643292,6.771988,6.227943,0.000000,0.000000,0.000000,-3.078467,8.535170,-9.259633,18.729265,39.690926,40.010956,-11.723583,-0.351581,8.634429,0.000000,0.000000,0.000000,-1.716771,0.871439,-7.426978,13.546593,35.801552,39.517212,-10.362404,1.490908,11.843746,0.000000,0.000000,0.000000,-4.151712,-0.600808,-5.296839,16.131071,32.637997,45.783001,-11.720368,-4.199628,13.259177,0.000000,0.000000,0.000000,-4.050604,1.981296,-0.503813,19.029667,39.651947,37.163574,-14.831128,-3.593746,10.093262,0.000000,0.000000,0.000000,-4.110094,-1.874128,5.610255,18.882248,31.134300,30.865746,-11.513424,-1.002122,7.027635,0.000000,0.000000,0.000000,-1.264819,-0.452642,2.132781,20.646204,21.549274,33.521328,-6.539752,-5.746754,8.959964,0.000000,0.000000,0.000000,-0.336717,3.227035,-2.806485,16.343002,20.971279,26.831804,-6.475385,0.332462,7.148451,0.000000,0.000000,0.000000,-2.462733,-0.905826,-4.058835,16.295250,27.436663,23.159395,-9.495786,0.406512,7.597011,0.000000,0.000000,0.000000,-1.229315,0.360535,-6.212837,14.847877,16.955191,20.221584,-4.688169,-1.105381,2.748480,0.000000,0.000000,0.000000,0.416586,-2.783825,-2.614359,13.994727,22.572565,22.472048,-5.266305,0.514045,4.409779,0.000000,0.000000,0.000000,-0.257971,-4.467580,-1.476895,11.615922,23.964752,30.859377,-3.183396,0.768236,4.070066,0.000000,0.000000,0.000000,-0.039369,-4.443994,-0.782514,11.923077,18.441288,21.656410,-2.585961,-0.181393,3.186998,0.000000,0.000000,0.000000,0.666820,-2.823831,1.686434,10.736279,16.103233,15.735666,-3.103814,1.896395,1.904120,0.000000,0.000000,0.000000,-3.055365,0.087144,1.096632,NaN,NaN,NaN,NaN,NaN,NaN,NaN,NaN,NaN,NaN,NaN,NaN,NaN,NaN,NaN,NaN,NaN,NaN,NaN,NaN,NaN,NaN,NaN,NaN,NaN,NaN,NaN,NaN,NaN,NaN,NaN,NaN,NaN,NaN,NaN,NaN,NaN,NaN,NaN,NaN,NaN,NaN,NaN,NaN,NaN,NaN,NaN,NaN,NaN,NaN,NaN,NaN,NaN,NaN,NaN,NaN,NaN,NaN,NaN,NaN,NaN,NaN,NaN,NaN,NaN,NaN,NaN,NaN,NaN,NaN,NaN,NaN,NaN,NaN,NaN,NaN,NaN,NaN,NaN,NaN,NaN,NaN,NaN,NaN,NaN,NaN,NaN,NaN,NaN,NaN,NaN,NaN,NaN,NaN,NaN,NaN,NaN,NaN,NaN,NaN,NaN,NaN,NaN,NaN,NaN,NaN,NaN,NaN,NaN,NaN,NaN,NaN,NaN,NaN,NaN,NaN,NaN,NaN,NaN,NaN,NaN,NaN,NaN,NaN,NaN,NaN,NaN,NaN,NaN,NaN,NaN,NaN,NaN,NaN,NaN,NaN,NaN,NaN,NaN,NaN,NaN,NaN,NaN,NaN,NaN,NaN,NaN,NaN,NaN,NaN,NaN,NaN,NaN,NaN,NaN,NaN,NaN,NaN,NaN,NaN,NaN,NaN,NaN,NaN,NaN,NaN,NaN,NaN,NaN,NaN,NaN,NaN,NaN,NaN,NaN,NaN,NaN,NaN,NaN,NaN,NaN,NaN,NaN,NaN,NaN,NaN,NaN,NaN,NaN,NaN,NaN,NaN,NaN,NaN,NaN,NaN,NaN,NaN,NaN,NaN,NaN,NaN,NaN,NaN,NaN,NaN,NaN,NaN,NaN,NaN,NaN,NaN,NaN,NaN,NaN,NaN,NaN,NaN,NaN,NaN,NaN,NaN,NaN,NaN,NaN,NaN,NaN,NaN,NaN,NaN,NaN,NaN,NaN,NaN,NaN,NaN,NaN,NaN,NaN,NaN,NaN,NaN,NaN,NaN,NaN,NaN,NaN,NaN,NaN,NaN,NaN,NaN,NaN,NaN,NaN,NaN,NaN,NaN,NaN,NaN,NaN,NaN,NaN,NaN,NaN,NaN,NaN,NaN,NaN,NaN,NaN,NaN,NaN,NaN,NaN,NaN,NaN,NaN,NaN,NaN,NaN,NaN,NaN,NaN,NaN,NaN,NaN,NaN,NaN,NaN,NaN,NaN,NaN,NaN,NaN,NaN,NaN,NaN,NaN,NaN,NaN,NaN,NaN,NaN,NaN,NaN,NaN,NaN,NaN,NaN,NaN,NaN,NaN,NaN,NaN,NaN,NaN,NaN,NaN,NaN,NaN,NaN,NaN,NaN,NaN,NaN,NaN,NaN,NaN,NaN,NaN,NaN,NaN,NaN,NaN,NaN,NaN,NaN,NaN,NaN,NaN,NaN,NaN,NaN,NaN,NaN,NaN,NaN,NaN,NaN,NaN,NaN,NaN,NaN,NaN,NaN,NaN,NaN,NaN,NaN,NaN,NaN,NaN,NaN,NaN,NaN,NaN,NaN,NaN,NaN,NaN,NaN,NaN,NaN,NaN,NaN,NaN,NaN,NaN,NaN,NaN,NaN,NaN,NaN,NaN,NaN,NaN,NaN,NaN,NaN,NaN,NaN,NaN,NaN,NaN,NaN,NaN,NaN,NaN,NaN,NaN,NaN,NaN,NaN,NaN,NaN,NaN,NaN,NaN,NaN,NaN,NaN,NaN,NaN,NaN,NaN,NaN,NaN,NaN,NaN,NaN,NaN,NaN,NaN,NaN,NaN,NaN,NaN,NaN,NaN,NaN,NaN,NaN,NaN,NaN,NaN,NaN,NaN,NaN,NaN,NaN,NaN,NaN,NaN,NaN,NaN,NaN,NaN,NaN,NaN,NaN,NaN,NaN,NaN,NaN,NaN,NaN,NaN,NaN,NaN,NaN,NaN,NaN,NaN,NaN,NaN,NaN,NaN,NaN,NaN,NaN,NaN,NaN,NaN,NaN,NaN,NaN,NaN,NaN,NaN,NaN,NaN,NaN,NaN,NaN,NaN,NaN,NaN,NaN,NaN,NaN,NaN,NaN,NaN,NaN,NaN,NaN,NaN,NaN,NaN,NaN,NaN,NaN,NaN,NaN,NaN,NaN,NaN,NaN,NaN,NaN,NaN,NaN,NaN,NaN,NaN,NaN,NaN,NaN,NaN,NaN,NaN,NaN,NaN,NaN,NaN,NaN,NaN,NaN,NaN,NaN,NaN,NaN,NaN,NaN,NaN,NaN,NaN,NaN,NaN,NaN,NaN,NaN,NaN,NaN,NaN,NaN,NaN,NaN,NaN,NaN,NaN,
SPECA,1371107254,1653318229.60,1653318331.60,33,NaN,NaN,NaN,NaN,NaN,NaN,NaN,NaN,NaN,NaN,NaN,NaN,NaN,NaN,NaN,NaN,NaN,NaN,NaN,NaN,NaN,NaN,NaN,NaN,NaN,NaN,NaN,NaN,NaN,NaN,NaN,NaN,NaN,NaN,NaN,NaN,328.247070,211.593120,66.794495,-21.985386,15.375663,-3.570693,0.000000,0.000000,0.000000,-67.236359,13.637358,-19.847979,393.088900,304.538360,94.706711,-76.588646,32.794964,-6.926906,0.000000,0.000000,0.000000,-118.517780,19.679544,-8.062371,564.960880,728.539920,247.694630,-95.889801,-26.016277,26.492804,0.000000,0.000000,0.000000,-91.255775,43.163879,83.708984,3996.885300,7035.211900,6543.362800,2890.494900,75.791138,976.025210,0.000000,0.000000,0.000000,-743.294920,4319.510700,5292.925300,10347.898000,20308.982000,20979.266000,11101.415000,665.866880,1600.128200,0.000000,0.000000,0.000000,-948.563050,13706.288000,18618.234000,6027.970200,13910.813000,16560.207000,6411.895000,1496.304200,1071.765300,0.000000,0.000000,0.000000,630.317020,8928.002000,13231.388000,1932.778300,5276.166000,5579.101100,1701.327300,680.141540,481.780940,0.000000,0.000000,0.000000,448.648680,2571.206500,4525.766100,586.984250,1618.112400,1474.011600,272.908600,48.811989,291.428680,0.000000,0.000000,0.000000,-168.696780,604.899780,1056.437700,347.771480,689.248840,720.520810,6.736423,13.516036,180.458240,0.000000,0.000000,0.000000,-121.474530,242.682040,327.215910,201.933060,596.399960,514.209780,-52.098839,-28.466206,107.107280,0.000000,0.000000,0.000000,-36.357971,94.097443,163.911390,401.010890,793.808840,919.711730,-267.420170,61.172623,-41.961941,0.000000,0.000000,0.000000,75.319344,-55.431843,440.218170,561.661620,1128.177500,1204.587300,-565.085630,-18.383114,35.539989,0.000000,0.000000,0.000000,23.692095,-249.699940,590.482910,483.202730,871.302920,834.000980,-449.057560,-131.844130,186.635850,0.000000,0.000000,0.000000,-121.082550,-98.915115,274.204410,448.570310,655.362610,1082.911500,-289.851200,-13.432821,207.980730,0.000000,0.000000,0.000000,15.323174,83.248055,259.154940,359.005550,684.307800,1019.686500,-286.352600,-30.223646,227.903240,0.000000,0.000000,0.000000,-4.279494,163.271900,167.299440,320.225770,890.292180,759.722530,-357.251980,25.089317,126.254950,0.000000,0.000000,0.000000,-26.033485,166.982650,91.000694,462.471590,713.314760,924.178340,-373.444030,107.640430,-101.079960,0.000000,0.000000,0.000000,-48.443810,315.056820,-12.244067,459.644740,656.884160,1290.405200,-387.523800,210.688840,-173.055510,0.000000,0.000000,0.000000,12.113729,340.504120,-58.740807,354.848080,823.481810,1741.867100,-380.907560,-5.645781,217.114270,0.000000,0.000000,0.000000,-116.705660,199.238310,143.580610,470.936370,917.012570,1206.748500,-512.934200,-21.610922,-4.882116,0.000000,0.000000,0.000000,-125.703320,0.147402,201.541490,277.774320,461.476140,940.853700,-225.090810,16.786779,69.927872,0.000000,0.000000,0.000000,39.764282,-26.472391,153.436970,221.454680,602.630740,887.282470,-246.878270,59.598404,-42.491161,0.000000,0.000000,0.000000,24.708120,-47.102749,251.483260,129.645030,418.081970,934.905030,-142.003460,42.426468,-7.649897,0.000000,0.000000,0.000000,-7.333561,-11.801815,143.762540,92.720512,328.927400,749.406430,-81.536369,3.871313,33.376225,0.000000,0.000000,0.000000,-2.037949,-33.256588,229.455700,134.996890,313.090060,771.464970,-108.642670,-2.103116,31.512842,0.000000,0.000000,0.000000,-1.643632,-38.436279,221.773330,166.444410,362.288670,833.088560,-123.687530,-29.872004,96.583076,0.000000,0.000000,0.000000,28.322386,11.818097,129.376250,196.963260,455.419830,1026.720900,-181.110090,-98.388939,167.774200,0.000000,0.000000,0.000000,-5.013631,-8.002518,301.589420,207.806610,485.399720,745.865170,-219.452010,-117.019930,117.443150,0.000000,0.000000,0.000000,-37.987289,-19.514799,240.530090,152.307500,437.480800,635.601560,-182.667620,-109.192410,112.337970,0.000000,0.000000,0.000000,-26.174747,-55.146885,193.802550,99.745033,273.944700,539.952640,-108.097780,-21.979473,92.146851,0.000000,0.000000,0.000000,39.765167,-12.302914,86.022980,88.960274,171.624620,613.238460,-41.121620,42.938290,66.997002,0.000000,0.000000,0.000000,17.884989,-26.451569,133.265090,115.718930,215.906880,466.968290,-76.481949,13.543858,42.071445,0.000000,0.000000,0.000000,13.666061,-23.822613,126.200090,82.158585,220.846440,434.500120,-57.956821,25.755539,51.913071,0.000000,0.000000,0.000000,11.916816,-13.686223,110.618580,112.962200,193.338940,486.124300,-79.798569,-41.903973,79.718231,0.000000,0.000000,0.000000,-8.802638,-38.571697,102.778280,94.215424,176.627520,420.562070,-65.133392,-66.628044,84.027405,0.000000,0.000000,0.000000,-15.850114,-24.907974,134.049610,70.311096,129.313160,295.612270,-54.073463,-24.081059,28.200642,0.000000,0.000000,0.000000,4.694723,-21.063244,66.694893,71.819794,121.190210,274.509610,-46.283142,-21.878895,37.685284,0.000000,0.000000,0.000000,0.364745,-36.484509,48.409706,80.446564,127.357940,231.829820,-56.168652,-42.054928,73.098991,0.000000,0.000000,0.000000,7.945377,-34.820831,33.425793,67.595642,158.684020,227.797390,-66.791183,-17.978979,55.825344,0.000000,0.000000,0.000000,16.808262,-28.143644,55.345085,70.324944,202.127700,286.876950,-86.230591,1.013723,33.838543,0.000000,0.000000,0.000000,4.362697,-14.350144,68.776367,58.400822,147.854250,241.484240,-66.638779,-17.066942,51.107471,0.000000,0.000000,0.000000,1.541702,-9.894263,43.092365,43.102333,119.558560,240.617840,-45.226410,-4.176024,49.932076,0.000000,0.000000,0.000000,5.831572,-8.641004,37.607151,48.031078,122.590060,214.272770,-42.912121,1.129048,40.934647,0.000000,0.000000,0.000000,13.310726,-13.326201,41.469193,57.149429,104.526660,183.927410,-49.088898,-6.222234,28.546410,0.000000,0.000000,0.000000,2.625398,-2.070405,43.831387,49.000496,87.176323,201.342250,-37.900307,-27.946573,38.257698,0.000000,0.000000,0.000000,-14.093581,-8.511111,49.361786,51.274498,92.220337,161.784000,-42.658249,-20.565790,47.092094,0.000000,0.000000,0.000000,-12.574446,-20.715015,35.469620,32.310162,72.109779,197.696670,-29.248608,-15.883541,57.102150,0.000000,0.000000,0.000000,4.991446,-33.779400,41.830223,25.999702,65.523720,146.534710,-24.231653,-15.072306,35.930206,0.000000,0.000000,0.000000,5.656616,-16.342272,19.595814,29.004473,74.079910,119.907740,-29.086830,-15.546465,24.879642,0.000000,0.000000,0.000000,4.875146,-14.405769,26.471058,32.173100,71.410133,117.192670,-21.179033,-6.444136,38.581707,0.000000,0.000000,0.000000,-0.566283,-2.915802,20.450985,21.749044,45.263927,128.171720,-9.654580,9.066206,18.827431,0.000000,0.000000,0.000000,-6.476670,4.768497,2.894585,23.626595,45.499161,95.577927,-16.086662,-6.634839,17.508150,0.000000,0.000000,0.000000,-4.301559,-3.119436,13.736065,25.627682,55.331596,72.822762,-19.103268,-8.256944,18.572638,0.000000,0.000000,0.000000,-0.727316,-3.487565,9.973493,28.726006,59.537201,94.967766,-22.286434,-13.455174,29.281717,0.000000,0.000000,0.000000,-4.802587,-4.795366,10.246065,34.721245,59.894035,90.210556,-28.256445,-10.601369,31.371704,0.000000,0.000000,0.000000,-11.099922,2.300328,8.972008,29.012787,59.757225,79.088310,-22.692497,-8.200722,27.255714,0.000000,0.000000,0.000000,-1.068655,-7.342830,23.852070,18.379791,53.875828,99.659996,-11.979098,3.086131,30.549591,0.000000,0.000000,0.000000,10.601757,-11.660449,2.891832,22.470123,46.045311,78.303658,-10.972350,-0.900920,18.614223,0.000000,0.000000,0.000000,2.625183,-10.426158,-3.567486,18.619789,36.866051,67.775894,-5.765242,0.253655,13.744360,0.000000,0.000000,0.000000,2.496051,-8.666302,0.888278,18.672915,44.921566,95.854912,-13.438868,-0.346993,24.739105,0.000000,0.000000,0.000000,1.115177,-14.652849,10.645414,19.061506,58.968662,83.643349,-16.261408,-10.052590,36.944122,0.000000,0.000000,0.000000,-0.278353,-8.023885,6.475839,18.943893,67.349838,60.048973,-20.727097,-10.635991,17.059929,0.000000,0.000000,0.000000,-11.571964,-3.421145,4.010993,21.069647,50.744545,56.296551,-18.461691,-6.183085,14.030308,0.000000,0.000000,0.000000,-4.629220,-8.369184,15.102694,20.766079,48.503242,53.266903,-17.227926,-4.293942,21.018707,0.000000,0.000000,0.000000,-0.148846,-6.438873,8.584033,20.776520,47.574825,46.844563,-16.343040,-5.782365,15.550924,0.000000,0.000000,0.000000,-3.574431,-4.055917,6.966743,20.867167,30.287619,44.410465,-10.020574,-0.737948,14.328066,0.000000,0.000000,0.000000,-3.175816,-3.027689,4.067290,19.522570,24.352058,37.781536,-8.479513,-3.338541,13.954331,0.000000,0.000000,0.000000,-4.003868,-1.399797,-3.282253,17.025076,37.650646,44.293983,-9.308345,-3.218700,14.988963,0.000000,0.000000,0.000000,-4.036363,-2.050661,-3.409151,18.439035,43.250351,48.617882,-9.067635,-5.616212,20.776117,0.000000,0.000000,0.000000,-0.053690,-4.535171,2.266423,22.976158,48.956226,49.290741,-12.019794,-10.597880,25.866373,0.000000,0.000000,0.000000,-0.919828,-2.597781,-8.885063,18.961756,49.119263,40.077236,-10.301494,-4.651580,14.510907,0.000000,0.000000,0.000000,-1.216396,-3.498602,-12.625849,14.622629,51.354443,38.545547,-13.573950,-5.298645,16.034826,0.000000,0.000000,0.000000,1.405128,-2.318509,-1.896818,15.288251,38.958225,36.181767,-8.211351,-6.426750,13.606691,0.000000,0.000000,0.000000,2.874861,-3.821213,4.155301,13.945058,33.805515,41.738792,-7.504261,-2.556324,17.616890,0.000000,0.000000,0.000000,0.799294,-2.949567,-1.174071,12.300028,26.422264,33.849842,-3.976249,-0.270583,15.780519,0.000000,0.000000,0.000000,-1.037511,-1.545789,-2.172464,12.216943,16.926302,29.530514,-2.470228,0.023803,8.546822,0.000000,0.000000,0.000000,-0.919944,0.981151,2.399227,11.183736,16.370228,26.697527,-2.085056,2.050026,4.758086,0.000000,0.000000,0.000000,3.527147,1.372360,-0.882377,11.486871,18.412436,22.518814,-4.224193,-2.064208,3.416607,0.000000,0.000000,0.000000,0.800279,0.852461,-2.550376,10.816678,15.451103,17.613194,-5.640426,-1.605666,4.207666,0.000000,0.000000,0.000000,-1.999632,4.094923,-2.009825,NaN,NaN,NaN,NaN,NaN,NaN,NaN,NaN,NaN,NaN,NaN,NaN,NaN,NaN,NaN,NaN,NaN,NaN,NaN,NaN,NaN,NaN,NaN,NaN,NaN,NaN,NaN,NaN,NaN,NaN,NaN,NaN,NaN,NaN,NaN,NaN,NaN,NaN,NaN,NaN,NaN,NaN,NaN,NaN,NaN,NaN,NaN,NaN,NaN,NaN,NaN,NaN,NaN,NaN,NaN,NaN,NaN,NaN,NaN,NaN,NaN,NaN,NaN,NaN,NaN,NaN,NaN,NaN,NaN,NaN,NaN,NaN,NaN,NaN,NaN,NaN,NaN,NaN,NaN,NaN,NaN,NaN,NaN,NaN,NaN,NaN,NaN,NaN,NaN,NaN,NaN,NaN,NaN,NaN,NaN,NaN,NaN,NaN,NaN,NaN,NaN,NaN,NaN,NaN,NaN,NaN,NaN,NaN,NaN,NaN,NaN,NaN,NaN,NaN,NaN,NaN,NaN,NaN,NaN,NaN,NaN,NaN,NaN,NaN,NaN,NaN,NaN,NaN,NaN,NaN,NaN,NaN,NaN,NaN,NaN,NaN,NaN,NaN,NaN,NaN,NaN,NaN,NaN,NaN,NaN,NaN,NaN,NaN,NaN,NaN,NaN,NaN,NaN,NaN,NaN,NaN,NaN,NaN,NaN,NaN,NaN,NaN,NaN,NaN,NaN,NaN,NaN,NaN,NaN,NaN,NaN,NaN,NaN,NaN,NaN,NaN,NaN,NaN,NaN,NaN,NaN,NaN,NaN,NaN,NaN,NaN,NaN,NaN,NaN,NaN,NaN,NaN,NaN,NaN,NaN,NaN,NaN,NaN,NaN,NaN,NaN,NaN,NaN,NaN,NaN,NaN,NaN,NaN,NaN,NaN,NaN,NaN,NaN,NaN,NaN,NaN,NaN,NaN,NaN,NaN,NaN,NaN,NaN,NaN,NaN,NaN,NaN,NaN,NaN,NaN,NaN,NaN,NaN,NaN,NaN,NaN,NaN,NaN,NaN,NaN,NaN,NaN,NaN,NaN,NaN,NaN,NaN,NaN,NaN,NaN,NaN,NaN,NaN,NaN,NaN,NaN,NaN,NaN,NaN,NaN,NaN,NaN,NaN,NaN,NaN,NaN,NaN,NaN,NaN,NaN,NaN,NaN,NaN,NaN,NaN,NaN,NaN,NaN,NaN,NaN,NaN,NaN,NaN,NaN,NaN,NaN,NaN,NaN,NaN,NaN,NaN,NaN,NaN,NaN,NaN,NaN,NaN,NaN,NaN,NaN,NaN,NaN,NaN,NaN,NaN,NaN,NaN,NaN,NaN,NaN,NaN,NaN,NaN,NaN,NaN,NaN,NaN,NaN,NaN,NaN,NaN,NaN,NaN,NaN,NaN,NaN,NaN,NaN,NaN,NaN,NaN,NaN,NaN,NaN,NaN,NaN,NaN,NaN,NaN,NaN,NaN,NaN,NaN,NaN,NaN,NaN,NaN,NaN,NaN,NaN,NaN,NaN,NaN,NaN,NaN,NaN,NaN,NaN,NaN,NaN,NaN,NaN,NaN,NaN,NaN,NaN,NaN,NaN,NaN,NaN,NaN,NaN,NaN,NaN,NaN,NaN,NaN,NaN,NaN,NaN,NaN,NaN,NaN,NaN,NaN,NaN,NaN,NaN,NaN,NaN,NaN,NaN,NaN,NaN,NaN,NaN,NaN,NaN,NaN,NaN,NaN,NaN,NaN,NaN,NaN,NaN,NaN,NaN,NaN,NaN,NaN,NaN,NaN,NaN,NaN,NaN,NaN,NaN,NaN,NaN,NaN,NaN,NaN,NaN,NaN,NaN,NaN,NaN,NaN,NaN,NaN,NaN,NaN,NaN,NaN,NaN,NaN,NaN,NaN,NaN,NaN,NaN,NaN,NaN,NaN,NaN,NaN,NaN,NaN,NaN,NaN,NaN,NaN,NaN,NaN,NaN,NaN,NaN,NaN,NaN,NaN,NaN,NaN,NaN,NaN,NaN,NaN,NaN,NaN,NaN,NaN,NaN,NaN,NaN,NaN,NaN,NaN,NaN,NaN,NaN,NaN,NaN,NaN,NaN,NaN,NaN,NaN,NaN,NaN,NaN,NaN,NaN,NaN,NaN,NaN,NaN,NaN,NaN,NaN,NaN,NaN,NaN,NaN,NaN,NaN,NaN,NaN,NaN,NaN,NaN,NaN,NaN,NaN,NaN,NaN,NaN,NaN,NaN,NaN,NaN,NaN,NaN,NaN,NaN,NaN,NaN,NaN,NaN,NaN,NaN,NaN,NaN,NaN,NaN,NaN,NaN,NaN,NaN,NaN,NaN,NaN,NaN,NaN,NaN,NaN,NaN,NaN,NaN,NaN,NaN,NaN,NaN,
SPECA,1372905371,1653320029.60,1653320131.60,33,NaN,NaN,NaN,NaN,NaN,NaN,NaN,NaN,NaN,NaN,NaN,NaN,NaN,NaN,NaN,NaN,NaN,NaN,NaN,NaN,NaN,NaN,NaN,NaN,NaN,NaN,NaN,NaN,NaN,NaN,NaN,NaN,NaN,NaN,NaN,NaN,285.380740,321.762730,94.199295,-92.204880,3.245819,24.615648,0.000000,0.000000,0.000000,-47.619740,-9.242909,-6.581062,210.822250,307.151860,63.242908,-73.939575,-13.346257,15.469583,0.000000,0.000000,0.000000,-27.406059,-5.941941,22.465481,199.786030,382.740260,98.518173,-23.692911,-1.729935,-15.261934,0.000000,0.000000,0.000000,-36.591091,26.684309,60.646904,3161.439000,5727.066900,4651.655300,2574.457500,451.748810,-103.843280,0.000000,0.000000,0.000000,529.752620,3128.110600,4133.000500,6595.106000,14696.269000,14070.266000,7338.593800,751.820070,816.884030,0.000000,0.000000,0.000000,433.090060,8512.505900,12832.234000,5488.580100,14301.556000,14480.073000,6818.922900,1617.927700,1616.849100,0.000000,0.000000,0.000000,689.931460,7849.505400,13203.221000,2899.217300,8331.513700,7428.436500,3532.925800,977.395140,586.655820,0.000000,0.000000,0.000000,672.056400,4007.341800,7013.231900,931.477230,2694.454300,2610.189200,677.377690,161.036850,205.923290,0.000000,0.000000,0.000000,-49.433300,1213.803200,1907.326200,415.016750,1188.519000,1024.719200,-2.979729,27.322771,280.864990,0.000000,0.000000,0.000000,-101.062480,371.900090,490.534910,168.955120,672.953740,552.730710,-93.402184,0.522950,53.276474,0.000000,0.000000,0.000000,0.540163,98.530304,201.362560,341.610690,694.935490,547.052310,-202.196380,4.819253,0.731498,0.000000,0.000000,0.000000,-48.902058,37.661419,220.034880,579.973450,976.200990,1098.660000,-507.768070,-41.441936,-78.751656,0.000000,0.000000,0.000000,-42.918484,-63.223068,406.943300,504.209140,1057.480700,1661.263100,-449.431820,-81.098160,-137.780650,0.000000,0.000000,0.000000,7.945556,34.763912,417.144170,455.646640,1229.361000,1341.593100,-495.161130,-4.841158,-84.018967,0.000000,0.000000,0.000000,8.531509,-32.529831,591.681880,474.927550,1177.700800,1193.468600,-492.594120,87.685104,-56.061134,0.000000,0.000000,0.000000,25.484205,55.274178,509.034730,513.075680,1011.083300,1446.458400,-455.027310,-18.851702,35.821899,0.000000,0.000000,0.000000,-65.535965,282.957460,244.818500,460.132870,1031.352200,1213.289700,-492.996000,-50.352158,90.041489,0.000000,0.000000,0.000000,-96.697037,227.742780,96.965302,335.100650,797.437190,1067.135900,-291.016200,50.508247,157.005540,0.000000,0.000000,0.000000,-152.241120,216.390290,139.555110,367.349180,874.560670,1179.456400,-362.534520,110.025960,-11.493712,0.000000,0.000000,0.000000,-79.346436,129.782440,187.337660,327.467010,940.452640,936.906190,-429.989410,68.133560,5.606672,0.000000,0.000000,0.000000,30.711374,-71.722931,281.828400,278.119110,681.685670,823.987490,-326.159550,38.203773,-18.433540,0.000000,0.000000,0.000000,-4.750256,-43.272762,188.148190,226.562770,446.829590,696.643310,-235.230650,49.622017,-45.438820,0.000000,0.000000,0.000000,8.879051,-121.867220,200.754210,182.612120,387.367740,865.553770,-152.406200,-55.585766,191.138900,0.000000,0.000000,0.000000,-11.258458,-27.963562,176.060900,183.023360,550.761290,728.155400,-192.335160,-14.646627,182.546710,0.000000,0.000000,0.000000,65.219620,-32.368202,213.379460,261.022190,643.896550,643.257200,-302.905980,-64.618896,154.139010,0.000000,0.000000,0.000000,15.000816,-79.853355,262.361300,256.353360,597.630490,593.486630,-293.853000,17.262207,23.162350,0.000000,0.000000,0.000000,-9.316856,-68.806976,225.338790,229.700930,432.003050,686.125490,-237.304310,17.400541,0.938335,0.000000,0.000000,0.000000,10.453250,-3.711702,142.114400,279.391050,480.752170,658.960270,-292.145900,-16.131607,120.370890,0.000000,0.000000,0.000000,9.484323,-21.193838,109.861910,194.521360,516.200990,574.866090,-239.983140,-53.681511,198.759400,0.000000,0.000000,0.000000,2.075760,-20.980320,168.054210,155.118480,351.343380,344.755980,-165.254490,-53.936699,98.507065,0.000000,0.000000,0.000000,-36.306221,-16.268696,116.277960,164.171130,307.185970,387.801730,-156.292500,-61.660702,82.241615,0.000000,0.000000,0.000000,-37.469551,-52.007473,141.998730,133.363750,275.343570,340.648560,-112.924190,-39.953781,84.988823,0.000000,0.000000,0.000000,-19.770058,-20.453350,78.727592,106.969730,256.051570,392.354770,-83.446625,-7.075939,51.883121,0.000000,0.000000,0.000000,-3.881850,4.227753,23.639002,79.393349,204.739720,455.073180,-73.050720,-20.779186,36.648117,0.000000,0.000000,0.000000,-13.469688,7.966319,62.869843,67.586601,202.686810,461.531590,-75.522629,-64.945259,87.022232,0.000000,0.000000,0.000000,-4.473654,-41.428535,105.355960,57.324814,193.597890,368.104190,-59.920147,-37.978466,86.744644,0.000000,0.000000,0.000000,9.736489,-19.342955,56.992413,47.532589,147.571410,280.116270,-44.484631,-1.478608,26.991869,0.000000,0.000000,0.000000,21.944109,-7.795305,52.851273,51.034214,125.990880,225.063930,-48.182549,-3.824751,6.210461,0.000000,0.000000,0.000000,13.031507,-14.981423,35.872185,52.441715,151.507160,304.534330,-58.910950,-8.130084,11.465959,0.000000,0.000000,0.000000,3.495940,4.730736,40.827412,66.366661,176.894450,405.125400,-69.996689,-32.262794,56.472736,0.000000,0.000000,0.000000,-1.414920,-2.253871,66.657532,72.118004,172.997680,307.419980,-67.866325,-3.486850,19.477024,0.000000,0.000000,0.000000,-1.788498,12.563142,26.422693,56.402176,164.343750,269.318240,-63.540203,-27.069044,25.025839,0.000000,0.000000,0.000000,-11.365475,4.858737,31.787550,49.674835,161.263060,340.074100,-48.256248,-25.748873,49.313526,0.000000,0.000000,0.000000,-15.421241,-9.221756,69.836166,48.022243,125.846920,263.320430,-42.520275,-12.706881,60.392570,0.000000,0.000000,0.000000,3.645005,-4.508899,60.062725,58.752632,115.379830,155.110340,-60.275204,-24.689920,51.517746,0.000000,0.000000,0.000000,7.124259,-17.140743,28.394308,45.069962,112.654350,170.285580,-49.786274,-3.784702,22.051779,0.000000,0.000000,0.000000,2.021313,-11.089592,18.020555,31.458336,99.843712,170.442060,-38.248215,-16.069012,44.097042,0.000000,0.000000,0.000000,4.652510,-10.150687,15.746019,38.963531,89.845474,136.466060,-36.710670,-14.936962,24.213713,0.000000,0.000000,0.000000,5.741222,-5.859819,22.935673,36.024570,84.682472,91.603912,-31.439720,-6.478442,14.450101,0.000000,0.000000,0.000000,2.582451,5.864127,11.828116,27.406546,62.771015,108.857210,-20.939842,1.699687,13.946123,0.000000,0.000000,0.000000,4.739799,-5.150887,9.168393,16.013115,57.994659,127.653220,-11.698657,2.167946,16.401464,0.000000,0.000000,0.000000,3.664526,-4.414477,10.984019,16.906128,72.962204,104.077260,-12.114220,2.759253,32.427940,0.000000,0.000000,0.000000,1.027443,2.840112,15.721470,21.551624,68.486000,107.023490,-11.054373,0.765250,41.193298,0.000000,0.000000,0.000000,0.591505,0.820764,34.623535,23.354687,60.577644,127.100570,-17.391054,-12.856281,35.308113,0.000000,0.000000,0.000000,-4.966337,-2.998995,30.400312,22.697645,53.104221,136.948360,-13.043590,-6.556315,36.608868,0.000000,0.000000,0.000000,-10.118723,4.565018,19.769073,18.339909,57.457581,133.473770,-14.366978,-2.394799,38.320225,0.000000,0.000000,0.000000,-10.299858,1.544316,-6.328471,20.798643,56.221134,135.287450,-16.091305,0.893380,36.613228,0.000000,0.000000,0.000000,-4.971437,-6.640314,1.635930,16.545811,37.680016,96.669518,-5.965225,-0.276836,23.134024,0.000000,0.000000,0.000000,-2.119004,-9.156649,-4.747538,16.634077,53.552071,94.259209,-9.562406,-3.364650,31.304913,0.000000,0.000000,0.000000,-8.400008,-4.397321,-11.094292,12.574387,48.227722,83.653069,-10.768517,-9.165709,29.887211,0.000000,0.000000,0.000000,-2.739099,-1.768163,-1.916534,14.397725,48.406834,73.948746,-10.686439,-0.469336,20.983988,0.000000,0.000000,0.000000,0.354301,0.705464,-10.541732,12.271907,42.853977,73.727829,-6.069024,-1.760591,15.496046,0.000000,0.000000,0.000000,0.527169,-5.550176,-12.857774,15.246240,44.952362,48.419876,-9.934637,1.105427,11.831406,0.000000,0.000000,0.000000,-1.076048,-3.086770,-3.679670,20.887516,66.353134,51.751488,-22.113665,-0.695836,19.886627,0.000000,0.000000,0.000000,-2.047616,-6.353169,3.565673,18.930252,62.935532,44.265507,-18.396374,-2.775187,22.106960,0.000000,0.000000,0.000000,-2.191750,-4.404900,-0.223844,15.985785,40.556351,39.555458,-6.541985,3.070756,16.075565,0.000000,0.000000,0.000000,-3.301193,-2.532721,-5.211900,14.741298,36.520542,42.516247,-1.717928,3.232937,8.074183,0.000000,0.000000,0.000000,-1.554601,-2.579739,-12.618906,18.445313,38.195915,36.789227,-10.352939,-0.984812,9.433396,0.000000,0.000000,0.000000,3.160566,1.510936,-1.357346,20.646343,42.168823,31.322971,-11.571664,-1.053642,11.827723,0.000000,0.000000,0.000000,-1.292472,-2.647438,-1.225867,26.080053,36.503025,35.197079,-15.935179,1.410000,8.507274,0.000000,0.000000,0.000000,-2.122766,-5.263298,-2.073700,23.288696,30.684509,40.501434,-10.819008,-5.776833,10.222608,0.000000,0.000000,0.000000,0.792338,-2.847262,-2.211654,18.081387,31.730743,37.225498,-9.175715,-5.888096,8.342233,0.000000,0.000000,0.000000,1.293661,2.867315,-1.879587,13.413970,26.752087,38.076031,-7.348825,0.535419,8.609694,0.000000,0.000000,0.000000,0.752568,1.323584,-2.957265,14.285305,19.549734,39.371014,-6.305976,-1.646647,5.995881,0.000000,0.000000,0.000000,-1.314035,2.083334,1.123652,16.628473,16.550274,28.994156,-5.942629,-2.978447,6.944696,0.000000,0.000000,0.000000,-4.226653,4.217715,2.054262,17.457829,19.316656,34.101887,-5.147843,-1.918143,12.378377,0.000000,0.000000,0.000000,-3.412276,4.334135,3.181602,17.940041,19.617384,29.558987,-5.989896,-1.331071,9.694072,0.000000,0.000000,0.000000,0.683758,-1.325688,2.978331,15.404302,15.979231,22.561184,-5.719830,-1.216587,5.546803,0.000000,0.000000,0.000000,0.944598,-1.319755,-2.107893,9.158050,15.499826,22.794666,-3.229648,-0.992280,7.508344,0.000000,0.000000,0.000000,-0.656929,-0.593487,-2.033098,NaN,NaN,NaN,NaN,NaN,NaN,NaN,NaN,NaN,NaN,NaN,NaN,NaN,NaN,NaN,NaN,NaN,NaN,NaN,NaN,NaN,NaN,NaN,NaN,NaN,NaN,NaN,NaN,NaN,NaN,NaN,NaN,NaN,NaN,NaN,NaN,NaN,NaN,NaN,NaN,NaN,NaN,NaN,NaN,NaN,NaN,NaN,NaN,NaN,NaN,NaN,NaN,NaN,NaN,NaN,NaN,NaN,NaN,NaN,NaN,NaN,NaN,NaN,NaN,NaN,NaN,NaN,NaN,NaN,NaN,NaN,NaN,NaN,NaN,NaN,NaN,NaN,NaN,NaN,NaN,NaN,NaN,NaN,NaN,NaN,NaN,NaN,NaN,NaN,NaN,NaN,NaN,NaN,NaN,NaN,NaN,NaN,NaN,NaN,NaN,NaN,NaN,NaN,NaN,NaN,NaN,NaN,NaN,NaN,NaN,NaN,NaN,NaN,NaN,NaN,NaN,NaN,NaN,NaN,NaN,NaN,NaN,NaN,NaN,NaN,NaN,NaN,NaN,NaN,NaN,NaN,NaN,NaN,NaN,NaN,NaN,NaN,NaN,NaN,NaN,NaN,NaN,NaN,NaN,NaN,NaN,NaN,NaN,NaN,NaN,NaN,NaN,NaN,NaN,NaN,NaN,NaN,NaN,NaN,NaN,NaN,NaN,NaN,NaN,NaN,NaN,NaN,NaN,NaN,NaN,NaN,NaN,NaN,NaN,NaN,NaN,NaN,NaN,NaN,NaN,NaN,NaN,NaN,NaN,NaN,NaN,NaN,NaN,NaN,NaN,NaN,NaN,NaN,NaN,NaN,NaN,NaN,NaN,NaN,NaN,NaN,NaN,NaN,NaN,NaN,NaN,NaN,NaN,NaN,NaN,NaN,NaN,NaN,NaN,NaN,NaN,NaN,NaN,NaN,NaN,NaN,NaN,NaN,NaN,NaN,NaN,NaN,NaN,NaN,NaN,NaN,NaN,NaN,NaN,NaN,NaN,NaN,NaN,NaN,NaN,NaN,NaN,NaN,NaN,NaN,NaN,NaN,NaN,NaN,NaN,NaN,NaN,NaN,NaN,NaN,NaN,NaN,NaN,NaN,NaN,NaN,NaN,NaN,NaN,NaN,NaN,NaN,NaN,NaN,NaN,NaN,NaN,NaN,NaN,NaN,NaN,NaN,NaN,NaN,NaN,NaN,NaN,NaN,NaN,NaN,NaN,NaN,NaN,NaN,NaN,NaN,NaN,NaN,NaN,NaN,NaN,NaN,NaN,NaN,NaN,NaN,NaN,NaN,NaN,NaN,NaN,NaN,NaN,NaN,NaN,NaN,NaN,NaN,NaN,NaN,NaN,NaN,NaN,NaN,NaN,NaN,NaN,NaN,NaN,NaN,NaN,NaN,NaN,NaN,NaN,NaN,NaN,NaN,NaN,NaN,NaN,NaN,NaN,NaN,NaN,NaN,NaN,NaN,NaN,NaN,NaN,NaN,NaN,NaN,NaN,NaN,NaN,NaN,NaN,NaN,NaN,NaN,NaN,NaN,NaN,NaN,NaN,NaN,NaN,NaN,NaN,NaN,NaN,NaN,NaN,NaN,NaN,NaN,NaN,NaN,NaN,NaN,NaN,NaN,NaN,NaN,NaN,NaN,NaN,NaN,NaN,NaN,NaN,NaN,NaN,NaN,NaN,NaN,NaN,NaN,NaN,NaN,NaN,NaN,NaN,NaN,NaN,NaN,NaN,NaN,NaN,NaN,NaN,NaN,NaN,NaN,NaN,NaN,NaN,NaN,NaN,NaN,NaN,NaN,NaN,NaN,NaN,NaN,NaN,NaN,NaN,NaN,NaN,NaN,NaN,NaN,NaN,NaN,NaN,NaN,NaN,NaN,NaN,NaN,NaN,NaN,NaN,NaN,NaN,NaN,NaN,NaN,NaN,NaN,NaN,NaN,NaN,NaN,NaN,NaN,NaN,NaN,NaN,NaN,NaN,NaN,NaN,NaN,NaN,NaN,NaN,NaN,NaN,NaN,NaN,NaN,NaN,NaN,NaN,NaN,NaN,NaN,NaN,NaN,NaN,NaN,NaN,NaN,NaN,NaN,NaN,NaN,NaN,NaN,NaN,NaN,NaN,NaN,NaN,NaN,NaN,NaN,NaN,NaN,NaN,NaN,NaN,NaN,NaN,NaN,NaN,NaN,NaN,NaN,NaN,NaN,NaN,NaN,NaN,NaN,NaN,NaN,NaN,NaN,NaN,NaN,NaN,NaN,NaN,NaN,NaN,NaN,NaN,NaN,NaN,NaN,NaN,NaN,NaN,NaN,NaN,NaN,NaN,NaN,NaN,NaN,NaN,NaN,NaN,NaN,NaN,NaN,NaN,NaN,NaN,NaN,NaN,
SPECA,1374703611,1653321829.60,1653321931.60,33,NaN,NaN,NaN,NaN,NaN,NaN,NaN,NaN,NaN,NaN,NaN,NaN,NaN,NaN,NaN,NaN,NaN,NaN,NaN,NaN,NaN,NaN,NaN,NaN,NaN,NaN,NaN,NaN,NaN,NaN,NaN,NaN,NaN,NaN,NaN,NaN,196.719620,372.312470,88.922386,-50.608974,19.359915,-9.126988,0.000000,0.000000,0.000000,16.924534,6.870121,25.872755,207.246640,496.523010,79.610794,-143.751250,31.519209,-45.344891,0.000000,0.000000,0.000000,42.852665,6.514440,22.712490,551.356570,1690.578900,429.795010,-495.004490,123.550540,-129.223710,0.000000,0.000000,0.000000,202.178670,76.673805,270.954470,3507.881600,5610.377400,4926.104000,2042.222400,155.089720,1513.571500,0.000000,0.000000,0.000000,-952.677430,3568.891100,3773.770300,7712.932600,15090.793000,15456.402000,8167.800300,575.968260,3428.163600,0.000000,0.000000,0.000000,-1909.634600,10212.377000,13279.949000,4768.310500,10503.055000,10416.894000,4636.258300,1209.147900,2326.972400,0.000000,0.000000,0.000000,-571.164730,6095.598100,8599.459000,2012.037800,4398.672400,4234.095200,1519.050500,596.811100,417.031190,0.000000,0.000000,0.000000,164.322690,2114.075000,3605.368900,793.982910,1686.154300,2351.523200,536.434330,85.406586,383.813200,0.000000,0.000000,0.000000,-97.622887,929.129520,1609.759500,344.650790,950.559690,973.867800,-21.759066,-19.513708,151.667620,0.000000,0.000000,0.000000,-102.988620,249.985810,513.192990,180.481490,616.196290,467.407230,-115.428270,8.416982,-75.021896,0.000000,0.000000,0.000000,-10.928570,86.690338,183.298930,215.034970,480.569920,673.289550,-99.266579,92.888527,-205.889890,0.000000,0.000000,0.000000,10.579116,93.712379,209.705140,430.977230,732.756290,1183.660600,-244.298360,148.276250,-241.614170,0.000000,0.000000,0.000000,91.215431,200.105970,286.424260,488.066220,767.993410,1289.540900,-383.153590,113.249800,-21.463699,0.000000,0.000000,0.000000,17.810644,79.011673,339.829500,403.801090,695.325130,1427.180800,-309.549900,47.713417,-64.460930,0.000000,0.000000,0.000000,51.232811,-92.413879,475.399080,423.080780,1084.851600,1564.794100,-400.671230,-109.222600,104.256670,0.000000,0.000000,0.000000,-76.391525,92.971573,447.347840,494.610500,1000.340300,1311.555900,-415.698940,-4.314514,35.561924,0.000000,0.000000,0.000000,-77.827469,252.710270,332.154970,498.930690,801.014530,1217.970900,-368.767270,32.165993,65.467514,0.000000,0.000000,0.000000,-11.996511,314.925230,246.432280,335.819760,890.461850,1024.265700,-321.303530,88.081795,58.946419,0.000000,0.000000,0.000000,-34.757259,78.686264,322.162960,304.469970,1142.775800,928.146240,-405.558110,-79.176239,206.649340,0.000000,0.000000,0.000000,-144.919100,-41.237572,449.572540,329.173070,1064.355100,873.036870,-471.526610,-35.573383,66.813408,0.000000,0.000000,0.000000,-46.884735,-98.404312,363.510530,300.617800,896.422120,905.125180,-366.831150,-49.474411,183.273710,0.000000,0.000000,0.000000,-4.454756,-24.968555,249.335190,256.460660,820.250430,924.369450,-301.370730,-59.975033,154.523830,0.000000,0.000000,0.000000,-51.659370,-40.450089,296.525450,173.131070,789.583740,1094.493300,-248.696060,-132.499330,331.573000,0.000000,0.000000,0.000000,-63.095753,-99.457031,461.956790,201.134750,780.829530,1044.647900,-246.789490,-28.896336,146.846050,0.000000,0.000000,0.000000,-27.149038,-83.527512,545.134030,164.553090,565.832090,753.005310,-182.108060,1.929715,23.293463,0.000000,0.000000,0.000000,-48.675884,-34.439777,325.431120,156.054580,557.876220,843.748290,-167.191600,-4.751311,88.783386,0.000000,0.000000,0.000000,-49.951477,-10.857642,233.107890,191.582180,722.463260,1133.266800,-237.637370,1.770673,255.484100,0.000000,0.000000,0.000000,3.463877,-120.356540,506.896580,245.646940,662.092770,818.173580,-278.115660,-30.561382,190.502090,0.000000,0.000000,0.000000,15.587320,-151.799840,437.402560,240.813190,560.698790,668.430600,-251.219500,-34.937263,134.059890,0.000000,0.000000,0.000000,-18.608723,-71.330223,298.740050,176.517090,438.333800,518.130250,-180.660140,-7.447584,29.315920,0.000000,0.000000,0.000000,-19.955891,-52.509708,252.648540,136.539060,350.330260,483.513670,-128.049420,-7.401499,32.066059,0.000000,0.000000,0.000000,-15.731400,-44.860477,185.943800,117.274190,313.223540,403.946290,-126.460190,-21.388168,44.894028,0.000000,0.000000,0.000000,-10.629745,-40.345028,114.275390,95.748795,273.270750,370.908690,-115.232090,-14.388556,51.923035,0.000000,0.000000,0.000000,-9.253686,-40.042538,113.289210,87.628517,237.478270,371.322200,-96.612053,-25.085732,74.181076,0.000000,0.000000,0.000000,-0.596869,-36.088333,119.102740,105.376130,254.138430,256.741300,-98.011070,-16.232302,7.487641,0.000000,0.000000,0.000000,-0.124001,-33.105824,85.488190,98.969299,208.788280,216.648590,-92.312660,-15.302958,20.271311,0.000000,0.000000,0.000000,-12.262486,-49.165516,83.063087,80.611168,228.207550,299.924990,-94.045059,-25.305214,73.765770,0.000000,0.000000,0.000000,-27.386192,-47.304928,127.014420,77.250160,197.114300,324.200070,-85.468887,-25.128363,56.040482,0.000000,0.000000,0.000000,-12.024302,-29.488104,119.381290,64.248260,179.289410,308.492190,-60.245766,-6.970944,75.344574,0.000000,0.000000,0.000000,1.414607,-13.902600,86.978439,49.973637,171.931920,300.879150,-43.141304,7.045656,84.765350,0.000000,0.000000,0.000000,-0.873467,-10.283288,97.590965,42.825336,158.224840,254.730930,-50.224739,-9.501865,51.250305,0.000000,0.000000,0.000000,1.238509,-9.298847,86.453186,54.214134,132.355040,205.895480,-42.411198,4.791842,46.280487,0.000000,0.000000,0.000000,-7.134307,11.037533,41.005531,38.736076,98.168427,250.680420,-32.987686,-7.988122,77.234398,0.000000,0.000000,0.000000,1.015842,-12.227428,60.398499,23.404394,84.583801,206.441350,-23.440063,-5.269579,38.597221,0.000000,0.000000,0.000000,-1.117955,-13.595068,34.881203,31.500896,103.283550,220.953130,-33.241428,-12.177423,36.467739,0.000000,0.000000,0.000000,-6.662173,-4.626116,37.115891,27.026686,67.338905,191.400600,-20.627167,-12.594934,30.708708,0.000000,0.000000,0.000000,-6.154123,4.565740,7.377222,30.824898,102.146510,145.863280,-31.030783,-17.416264,44.683304,0.000000,0.000000,0.000000,-7.691898,-20.108496,44.030472,36.066757,98.066116,114.099110,-30.428400,-7.820065,44.025723,0.000000,0.000000,0.000000,-6.556776,-25.386852,43.041428,21.120132,77.486122,90.047295,-14.824862,0.580971,37.193047,0.000000,0.000000,0.000000,-1.413692,-12.407950,25.561686,26.317110,83.831505,93.976585,-24.854057,-3.694505,21.133928,0.000000,0.000000,0.000000,-7.421355,-9.299209,34.634953,24.999001,52.457832,96.564346,-14.290499,2.124955,15.696026,0.000000,0.000000,0.000000,-3.592610,-10.720290,30.047726,25.822226,46.231281,87.721535,-12.355252,-3.023695,23.195713,0.000000,0.000000,0.000000,-0.844216,-2.448425,16.824257,31.702538,65.702301,83.672523,-26.606886,-6.374469,21.276804,0.000000,0.000000,0.000000,0.172807,-9.915634,26.524023,28.715513,64.409218,85.255829,-25.344538,-3.809237,19.970509,0.000000,0.000000,0.000000,2.152771,-12.770998,29.745852,23.697544,52.894829,68.428360,-19.113520,-2.815383,16.911615,0.000000,0.000000,0.000000,-0.819081,-10.816055,27.768812,17.627365,49.344528,55.548523,-14.454004,-2.973001,14.196539,0.000000,0.000000,0.000000,-2.738365,-4.194461,11.992172,17.858978,47.254795,61.359692,-16.286428,-5.223874,15.931117,0.000000,0.000000,0.000000,1.564328,-5.735084,8.917235,22.101728,54.682293,66.094635,-22.666212,-8.156830,20.559244,0.000000,0.000000,0.000000,6.451311,-8.802597,17.204851,22.843117,52.662983,78.927765,-20.695780,-6.682521,20.180021,0.000000,0.000000,0.000000,3.051752,-11.667336,16.365786,18.257896,31.391817,51.432110,-11.633625,-0.715790,9.648721,0.000000,0.000000,0.000000,-0.047319,-10.281511,6.139135,17.923489,29.442152,49.813869,-9.338138,1.177011,13.264647,0.000000,0.000000,0.000000,-3.058537,-5.624357,3.197964,17.301849,36.245197,63.969536,-11.548207,1.350146,19.061865,0.000000,0.000000,0.000000,-0.609538,2.195126,0.853735,21.609833,44.198231,54.310501,-12.487501,0.995620,22.763094,0.000000,0.000000,0.000000,1.614668,-1.124889,2.796198,23.333878,29.044264,50.654942,-8.674057,4.958219,11.620501,0.000000,0.000000,0.000000,-0.815558,-4.065923,-2.552967,16.930334,28.955774,66.128471,-4.796832,3.307347,17.887173,0.000000,0.000000,0.000000,0.080416,-3.675519,6.660288,13.908909,35.470104,45.185139,-5.128847,-0.042816,11.948626,0.000000,0.000000,0.000000,1.906142,-4.325177,10.882219,15.514541,36.432995,45.908539,-7.017285,0.354195,11.820317,0.000000,0.000000,0.000000,5.804653,-8.143605,10.108643,16.971478,52.658230,50.335388,-10.489121,-2.700866,29.429472,0.000000,0.000000,0.000000,2.979178,-5.571519,6.695809,17.830212,45.666817,51.093693,-8.289735,1.449093,22.665325,0.000000,0.000000,0.000000,-0.215057,-6.229383,6.257177,16.189919,32.811436,45.524387,-7.893951,-5.630804,15.671463,0.000000,0.000000,0.000000,2.493602,-6.223938,9.289307,16.649261,19.624201,39.931389,-7.122313,-4.673793,12.056508,0.000000,0.000000,0.000000,2.211567,-5.405483,4.142179,12.679327,20.453533,31.676733,-6.587308,-1.850609,7.729860,0.000000,0.000000,0.000000,-2.896389,-0.523205,1.072505,11.246698,25.222635,33.483646,-5.099543,0.121127,7.512877,0.000000,0.000000,0.000000,-1.465140,1.045602,6.496260,9.512403,26.382284,31.790627,-4.785919,1.332556,8.250671,0.000000,0.000000,0.000000,1.547830,-0.741521,3.686472,9.302622,20.874025,32.050491,-1.026418,1.072945,10.488052,0.000000,0.000000,0.000000,-0.400848,2.209353,-0.385498,10.245337,18.740889,25.309879,-2.502934,-0.339711,5.853476,0.000000,0.000000,0.000000,-1.779299,-0.128642,1.198811,13.055363,17.501806,30.718462,-5.474990,-1.289407,4.448332,0.000000,0.000000,0.000000,-0.979690,-3.680308,2.264782,12.046865,13.842850,25.925537,-4.994615,-3.357292,7.070009,0.000000,0.000000,0.000000,-2.597602,-1.911291,-0.093809,12.177369,13.783628,26.095490,-3.697045,0.067127,5.251542,0.000000,0.000000,0.000000,-1.181424,-2.031898,-0.492942,NaN,NaN,NaN,NaN,NaN,NaN,NaN,NaN,NaN,NaN,NaN,NaN,NaN,NaN,NaN,NaN,NaN,NaN,NaN,NaN,NaN,NaN,NaN,NaN,NaN,NaN,NaN,NaN,NaN,NaN,NaN,NaN,NaN,NaN,NaN,NaN,NaN,NaN,NaN,NaN,NaN,NaN,NaN,NaN,NaN,NaN,NaN,NaN,NaN,NaN,NaN,NaN,NaN,NaN,NaN,NaN,NaN,NaN,NaN,NaN,NaN,NaN,NaN,NaN,NaN,NaN,NaN,NaN,NaN,NaN,NaN,NaN,NaN,NaN,NaN,NaN,NaN,NaN,NaN,NaN,NaN,NaN,NaN,NaN,NaN,NaN,NaN,NaN,NaN,NaN,NaN,NaN,NaN,NaN,NaN,NaN,NaN,NaN,NaN,NaN,NaN,NaN,NaN,NaN,NaN,NaN,NaN,NaN,NaN,NaN,NaN,NaN,NaN,NaN,NaN,NaN,NaN,NaN,NaN,NaN,NaN,NaN,NaN,NaN,NaN,NaN,NaN,NaN,NaN,NaN,NaN,NaN,NaN,NaN,NaN,NaN,NaN,NaN,NaN,NaN,NaN,NaN,NaN,NaN,NaN,NaN,NaN,NaN,NaN,NaN,NaN,NaN,NaN,NaN,NaN,NaN,NaN,NaN,NaN,NaN,NaN,NaN,NaN,NaN,NaN,NaN,NaN,NaN,NaN,NaN,NaN,NaN,NaN,NaN,NaN,NaN,NaN,NaN,NaN,NaN,NaN,NaN,NaN,NaN,NaN,NaN,NaN,NaN,NaN,NaN,NaN,NaN,NaN,NaN,NaN,NaN,NaN,NaN,NaN,NaN,NaN,NaN,NaN,NaN,NaN,NaN,NaN,NaN,NaN,NaN,NaN,NaN,NaN,NaN,NaN,NaN,NaN,NaN,NaN,NaN,NaN,NaN,NaN,NaN,NaN,NaN,NaN,NaN,NaN,NaN,NaN,NaN,NaN,NaN,NaN,NaN,NaN,NaN,NaN,NaN,NaN,NaN,NaN,NaN,NaN,NaN,NaN,NaN,NaN,NaN,NaN,NaN,NaN,NaN,NaN,NaN,NaN,NaN,NaN,NaN,NaN,NaN,NaN,NaN,NaN,NaN,NaN,NaN,NaN,NaN,NaN,NaN,NaN,NaN,NaN,NaN,NaN,NaN,NaN,NaN,NaN,NaN,NaN,NaN,NaN,NaN,NaN,NaN,NaN,NaN,NaN,NaN,NaN,NaN,NaN,NaN,NaN,NaN,NaN,NaN,NaN,NaN,NaN,NaN,NaN,NaN,NaN,NaN,NaN,NaN,NaN,NaN,NaN,NaN,NaN,NaN,NaN,NaN,NaN,NaN,NaN,NaN,NaN,NaN,NaN,NaN,NaN,NaN,NaN,NaN,NaN,NaN,NaN,NaN,NaN,NaN,NaN,NaN,NaN,NaN,NaN,NaN,NaN,NaN,NaN,NaN,NaN,NaN,NaN,NaN,NaN,NaN,NaN,NaN,NaN,NaN,NaN,NaN,NaN,NaN,NaN,NaN,NaN,NaN,NaN,NaN,NaN,NaN,NaN,NaN,NaN,NaN,NaN,NaN,NaN,NaN,NaN,NaN,NaN,NaN,NaN,NaN,NaN,NaN,NaN,NaN,NaN,NaN,NaN,NaN,NaN,NaN,NaN,NaN,NaN,NaN,NaN,NaN,NaN,NaN,NaN,NaN,NaN,NaN,NaN,NaN,NaN,NaN,NaN,NaN,NaN,NaN,NaN,NaN,NaN,NaN,NaN,NaN,NaN,NaN,NaN,NaN,NaN,NaN,NaN,NaN,NaN,NaN,NaN,NaN,NaN,NaN,NaN,NaN,NaN,NaN,NaN,NaN,NaN,NaN,NaN,NaN,NaN,NaN,NaN,NaN,NaN,NaN,NaN,NaN,NaN,NaN,NaN,NaN,NaN,NaN,NaN,NaN,NaN,NaN,NaN,NaN,NaN,NaN,NaN,NaN,NaN,NaN,NaN,NaN,NaN,NaN,NaN,NaN,NaN,NaN,NaN,NaN,NaN,NaN,NaN,NaN,NaN,NaN,NaN,NaN,NaN,NaN,NaN,NaN,NaN,NaN,NaN,NaN,NaN,NaN,NaN,NaN,NaN,NaN,NaN,NaN,NaN,NaN,NaN,NaN,NaN,NaN,NaN,NaN,NaN,NaN,NaN,NaN,NaN,NaN,NaN,NaN,NaN,NaN,NaN,NaN,NaN,NaN,NaN,NaN,NaN,NaN,NaN,NaN,NaN,NaN,NaN,NaN,NaN,NaN,NaN,NaN,NaN,NaN,NaN,NaN,NaN,NaN,NaN,NaN,NaN,NaN,NaN,NaN,NaN,NaN,
SPECA,1376501585,1653323629.60,1653323731.60,33,NaN,NaN,NaN,NaN,NaN,NaN,NaN,NaN,NaN,NaN,NaN,NaN,NaN,NaN,NaN,NaN,NaN,NaN,NaN,NaN,NaN,NaN,NaN,NaN,NaN,NaN,NaN,NaN,NaN,NaN,NaN,NaN,NaN,NaN,NaN,NaN,259.085750,772.133790,182.294190,-156.482320,9.685962,16.752201,0.000000,0.000000,0.000000,-40.463440,26.023676,109.206760,186.530400,300.429200,135.093800,-86.612930,-10.867917,39.167843,0.000000,0.000000,0.000000,35.197121,41.762836,0.429224,208.884660,442.095700,216.694210,4.176904,-0.722553,-1.769734,0.000000,0.000000,0.000000,51.278851,27.445761,18.948547,2742.664600,3851.168700,3979.490200,1832.455400,339.000430,203.784680,0.000000,0.000000,0.000000,-31.916418,2732.629900,2789.000000,11161.909000,18800.422000,25593.793000,11922.235000,2159.284200,1764.420300,0.000000,0.000000,0.000000,406.637150,15991.575000,20022.453000,8183.254400,13423.357000,18326.262000,7722.545400,1929.176500,2457.818400,0.000000,0.000000,0.000000,-225.777160,11104.273000,13771.826000,2072.053700,3765.241000,4072.024700,960.355830,395.242250,713.585020,0.000000,0.000000,0.000000,-412.068970,2129.084000,2765.830800,866.035030,1899.500000,2131.551800,239.970260,245.139330,159.438060,0.000000,0.000000,0.000000,-47.869499,925.526430,1267.561500,559.371220,1178.429800,1314.884800,27.886911,159.895610,-18.780884,0.000000,0.000000,0.000000,24.881355,566.281920,625.004460,309.400330,886.270140,648.352420,-190.322780,50.788170,-55.184643,0.000000,0.000000,0.000000,-22.584131,91.205116,353.110050,281.232300,804.161440,846.488160,-321.264280,64.717903,-4.040882,0.000000,0.000000,0.000000,44.899700,-86.453072,394.086550,340.945010,772.073000,1090.186600,-337.757050,-16.821693,2.708950,0.000000,0.000000,0.000000,-23.199673,-38.666203,424.648470,423.459990,737.970280,1528.185200,-292.640410,-195.261000,72.005875,0.000000,0.000000,0.000000,-108.275600,47.392456,546.025390,321.309630,864.109130,1427.427400,-275.223540,-100.710260,74.793762,0.000000,0.000000,0.000000,6.582835,110.392320,463.265380,362.155030,684.140010,1295.947300,-335.553160,4.247952,26.447487,0.000000,0.000000,0.000000,38.061043,200.393860,155.643890,486.798580,880.203740,1012.673400,-423.057220,153.066310,-116.105510,0.000000,0.000000,0.000000,48.491364,317.113310,85.853943,427.477810,1181.125900,1294.832400,-475.366670,0.690432,108.023190,0.000000,0.000000,0.000000,-122.831800,258.162810,176.570340,342.617370,1110.542400,1281.803800,-409.645200,-75.399345,61.887157,0.000000,0.000000,0.000000,-93.219353,143.282840,304.742460,491.657810,954.036130,1263.849100,-450.537410,-175.350750,162.416850,0.000000,0.000000,0.000000,-95.254814,225.697710,85.796059,411.798800,742.813720,997.778930,-376.434230,-57.008118,50.014088,0.000000,0.000000,0.000000,0.451870,93.498451,124.237400,320.637910,757.919430,907.735530,-321.502620,-39.264038,119.368000,0.000000,0.000000,0.000000,-3.775966,24.646696,283.174160,216.571460,703.169490,711.525510,-201.186200,-26.409416,115.245570,0.000000,0.000000,0.000000,-25.752594,-5.162865,341.725460,200.124760,591.411010,589.700560,-166.967300,-6.243882,110.760080,0.000000,0.000000,0.000000,24.934696,-3.879431,240.762050,208.703160,621.086730,772.213560,-256.648280,45.398735,-10.165090,0.000000,0.000000,0.000000,12.527028,-47.193089,252.094010,150.916370,521.183410,738.153690,-177.759510,18.554567,-13.798710,0.000000,0.000000,0.000000,29.715931,-65.954414,278.943360,186.581890,578.936160,676.501650,-172.840700,0.069439,158.648330,0.000000,0.000000,0.000000,-1.553720,-49.437111,272.044070,198.252610,517.983460,725.627990,-160.189290,-2.327065,105.312840,0.000000,0.000000,0.000000,5.533413,-12.759658,254.586030,197.731600,472.787380,499.171450,-161.729630,10.272114,54.645817,0.000000,0.000000,0.000000,43.768131,1.622823,163.402910,188.296460,479.720830,487.454440,-188.383100,-36.828167,159.876360,0.000000,0.000000,0.000000,3.992517,9.213065,136.211440,185.754820,453.764070,720.634890,-186.825000,-104.808230,212.142240,0.000000,0.000000,0.000000,-33.339985,-52.387135,222.240220,150.026890,419.108090,501.202090,-170.060380,-62.912132,159.539490,0.000000,0.000000,0.000000,-39.232754,-9.756108,139.773760,130.579450,380.988560,468.276670,-157.709760,-27.989416,54.752583,0.000000,0.000000,0.000000,-11.417767,-45.874191,166.123990,114.095920,299.359860,483.642760,-119.559220,-20.945259,60.199055,0.000000,0.000000,0.000000,12.488526,-50.974533,197.210660,102.135250,207.006240,475.588620,-81.471306,-12.744514,77.873123,0.000000,0.000000,0.000000,14.232476,-42.428921,148.235860,69.227531,227.243120,471.383670,-68.230766,-58.827671,103.641170,0.000000,0.000000,0.000000,-27.435461,-25.395582,148.886200,93.043396,232.499600,305.635990,-101.121290,-31.121887,64.427788,0.000000,0.000000,0.000000,-22.677544,-46.322716,133.432450,75.513657,182.622100,272.918400,-85.487366,12.875952,50.785706,0.000000,0.000000,0.000000,16.598150,-33.459518,80.295883,57.045582,163.849000,268.662320,-54.753330,-7.608078,53.369076,0.000000,0.000000,0.000000,-17.272789,-2.717326,42.268314,60.158810,156.998340,232.293950,-48.921368,4.396193,34.509548,0.000000,0.000000,0.000000,0.074792,-12.368651,75.108673,64.921059,140.015520,277.076020,-51.107021,14.712346,49.689144,0.000000,0.000000,0.000000,9.379606,-17.036831,85.515938,56.050438,168.106060,346.740050,-61.594364,-7.973050,72.030525,0.000000,0.000000,0.000000,-4.287086,-13.216181,97.346611,51.767738,162.571990,270.034820,-65.085487,-22.371218,77.837364,0.000000,0.000000,0.000000,-5.002200,-31.657175,106.298480,58.963570,132.227370,276.885190,-53.507038,-12.513728,62.343571,0.000000,0.000000,0.000000,-2.464600,-46.141876,97.646294,46.488556,87.509636,237.895170,-25.988775,-12.135904,45.617973,0.000000,0.000000,0.000000,-7.748052,-9.632846,38.422852,36.222740,108.869920,181.224610,-32.747383,-11.679494,34.330013,0.000000,0.000000,0.000000,-8.975389,-2.617020,47.447525,34.190430,95.165817,219.461170,-26.504999,-5.220224,39.152412,0.000000,0.000000,0.000000,-0.396444,-3.184401,53.031712,33.912449,82.716194,213.692430,-28.413391,-8.476117,46.271820,0.000000,0.000000,0.000000,-5.018566,2.069780,34.926704,31.907780,94.545204,126.103890,-36.764397,-5.155727,34.511806,0.000000,0.000000,0.000000,-3.197777,8.159784,3.018948,31.910807,68.089836,89.715393,-24.734991,6.710575,21.138605,0.000000,0.000000,0.000000,-3.450869,-7.183761,10.814833,37.376942,93.533302,122.520320,-41.781384,-10.932631,33.770695,0.000000,0.000000,0.000000,-2.362603,-14.230359,26.774942,37.859776,109.888040,117.008310,-45.433273,-13.030127,38.556030,0.000000,0.000000,0.000000,1.705259,-19.914070,39.455639,36.106102,80.509964,83.766762,-37.101753,-10.557953,20.193758,0.000000,0.000000,0.000000,-4.972886,-9.087020,20.176968,21.388458,53.086315,104.829690,-17.570930,-1.423759,14.005941,0.000000,0.000000,0.000000,1.697425,-12.798167,11.989326,20.497652,34.875935,138.313750,-11.265709,0.171590,26.854795,0.000000,0.000000,0.000000,0.142210,-8.074485,10.352218,24.663435,47.338650,92.734428,-15.609920,2.870981,21.120211,0.000000,0.000000,0.000000,-6.899142,-0.963678,5.297573,25.972126,52.441261,60.052944,-17.392147,-2.556394,14.859528,0.000000,0.000000,0.000000,-1.354168,-4.021646,17.762630,24.992229,49.561192,57.143154,-16.323071,-7.519730,17.439966,0.000000,0.000000,0.000000,0.413424,-4.085561,8.096120,20.924885,54.616512,78.576424,-11.028235,-9.339739,23.928276,0.000000,0.000000,0.000000,-1.512218,-2.813932,2.317158,24.083590,40.550301,71.333313,-9.409006,-4.837018,23.517891,0.000000,0.000000,0.000000,-3.481173,6.151445,8.264431,22.065104,44.896709,58.218010,-15.350997,-6.383901,24.949793,0.000000,0.000000,0.000000,-9.849561,0.501753,5.091817,16.597097,46.399700,50.606861,-12.767589,-2.633823,18.339079,0.000000,0.000000,0.000000,-4.933558,-7.519883,9.830108,14.804411,46.679062,44.055225,-16.346540,-4.274176,12.958632,0.000000,0.000000,0.000000,2.755462,-7.651429,13.150893,13.727930,27.068645,52.583984,-6.131945,-1.284733,16.050623,0.000000,0.000000,0.000000,1.490158,-2.147106,1.746601,12.516996,26.467373,55.397011,-6.386774,3.592458,12.483902,0.000000,0.000000,0.000000,-3.502630,-2.884407,-0.319597,23.806446,38.567551,40.212742,-15.489625,1.598674,7.914388,0.000000,0.000000,0.000000,0.554706,-5.271037,4.404413,23.952181,49.826561,66.736626,-19.579731,-11.383472,27.408741,0.000000,0.000000,0.000000,-2.296826,-3.220302,2.514990,26.129156,40.142017,54.147839,-11.624530,-3.962006,19.494606,0.000000,0.000000,0.000000,-10.017101,0.614452,3.268062,22.443249,36.392189,40.898842,-8.383987,0.130376,9.558908,0.000000,0.000000,0.000000,-8.169981,-1.397706,6.082736,24.878216,28.577032,38.199951,-7.618800,-1.132998,14.239154,0.000000,0.000000,0.000000,0.220589,-4.876913,8.595974,29.697813,24.303049,40.841492,-12.124771,-7.090991,16.109671,0.000000,0.000000,0.000000,-0.665472,-4.881837,4.634412,23.314922,26.633406,33.041576,-9.318211,-6.035483,9.424815,0.000000,0.000000,0.000000,-6.373034,-2.336924,3.377082,18.816448,27.841290,30.875736,-1.806524,-0.676415,8.375138,0.000000,0.000000,0.000000,-2.851913,-2.146396,4.083991,22.995651,24.145714,31.709122,-5.254545,2.986165,5.574179,0.000000,0.000000,0.000000,-0.507854,-8.087056,8.212947,16.689697,21.126255,22.560831,-1.296072,3.110947,6.366770,0.000000,0.000000,0.000000,-0.063300,-4.419743,3.633871,12.609647,22.896852,23.528316,-1.602913,0.147847,7.857578,0.000000,0.000000,0.000000,-0.551854,-2.506785,5.196159,14.693056,27.489239,23.444304,-8.412471,-1.776977,6.968101,0.000000,0.000000,0.000000,-0.010675,-0.897397,2.177398,13.742073,26.253414,22.609613,-9.219276,-6.845189,13.559224,0.000000,0.000000,0.000000,0.528642,-2.133922,-1.004274,9.840403,25.116854,22.524460,-6.248635,-2.834528,13.178121,0.000000,0.000000,0.000000,1.961156,-3.053562,1.935392,9.757654,17.781742,27.579290,-3.744799,-0.442428,10.168468,0.000000,0.000000,0.000000,1.397971,-3.193997,2.688316,NaN,NaN,NaN,NaN,NaN,NaN,NaN,NaN,NaN,NaN,NaN,NaN,NaN,NaN,NaN,NaN,NaN,NaN,NaN,NaN,NaN,NaN,NaN,NaN,NaN,NaN,NaN,NaN,NaN,NaN,NaN,NaN,NaN,NaN,NaN,NaN,NaN,NaN,NaN,NaN,NaN,NaN,NaN,NaN,NaN,NaN,NaN,NaN,NaN,NaN,NaN,NaN,NaN,NaN,NaN,NaN,NaN,NaN,NaN,NaN,NaN,NaN,NaN,NaN,NaN,NaN,NaN,NaN,NaN,NaN,NaN,NaN,NaN,NaN,NaN,NaN,NaN,NaN,NaN,NaN,NaN,NaN,NaN,NaN,NaN,NaN,NaN,NaN,NaN,NaN,NaN,NaN,NaN,NaN,NaN,NaN,NaN,NaN,NaN,NaN,NaN,NaN,NaN,NaN,NaN,NaN,NaN,NaN,NaN,NaN,NaN,NaN,NaN,NaN,NaN,NaN,NaN,NaN,NaN,NaN,NaN,NaN,NaN,NaN,NaN,NaN,NaN,NaN,NaN,NaN,NaN,NaN,NaN,NaN,NaN,NaN,NaN,NaN,NaN,NaN,NaN,NaN,NaN,NaN,NaN,NaN,NaN,NaN,NaN,NaN,NaN,NaN,NaN,NaN,NaN,NaN,NaN,NaN,NaN,NaN,NaN,NaN,NaN,NaN,NaN,NaN,NaN,NaN,NaN,NaN,NaN,NaN,NaN,NaN,NaN,NaN,NaN,NaN,NaN,NaN,NaN,NaN,NaN,NaN,NaN,NaN,NaN,NaN,NaN,NaN,NaN,NaN,NaN,NaN,NaN,NaN,NaN,NaN,NaN,NaN,NaN,NaN,NaN,NaN,NaN,NaN,NaN,NaN,NaN,NaN,NaN,NaN,NaN,NaN,NaN,NaN,NaN,NaN,NaN,NaN,NaN,NaN,NaN,NaN,NaN,NaN,NaN,NaN,NaN,NaN,NaN,NaN,NaN,NaN,NaN,NaN,NaN,NaN,NaN,NaN,NaN,NaN,NaN,NaN,NaN,NaN,NaN,NaN,NaN,NaN,NaN,NaN,NaN,NaN,NaN,NaN,NaN,NaN,NaN,NaN,NaN,NaN,NaN,NaN,NaN,NaN,NaN,NaN,NaN,NaN,NaN,NaN,NaN,NaN,NaN,NaN,NaN,NaN,NaN,NaN,NaN,NaN,NaN,NaN,NaN,NaN,NaN,NaN,NaN,NaN,NaN,NaN,NaN,NaN,NaN,NaN,NaN,NaN,NaN,NaN,NaN,NaN,NaN,NaN,NaN,NaN,NaN,NaN,NaN,NaN,NaN,NaN,NaN,NaN,NaN,NaN,NaN,NaN,NaN,NaN,NaN,NaN,NaN,NaN,NaN,NaN,NaN,NaN,NaN,NaN,NaN,NaN,NaN,NaN,NaN,NaN,NaN,NaN,NaN,NaN,NaN,NaN,NaN,NaN,NaN,NaN,NaN,NaN,NaN,NaN,NaN,NaN,NaN,NaN,NaN,NaN,NaN,NaN,NaN,NaN,NaN,NaN,NaN,NaN,NaN,NaN,NaN,NaN,NaN,NaN,NaN,NaN,NaN,NaN,NaN,NaN,NaN,NaN,NaN,NaN,NaN,NaN,NaN,NaN,NaN,NaN,NaN,NaN,NaN,NaN,NaN,NaN,NaN,NaN,NaN,NaN,NaN,NaN,NaN,NaN,NaN,NaN,NaN,NaN,NaN,NaN,NaN,NaN,NaN,NaN,NaN,NaN,NaN,NaN,NaN,NaN,NaN,NaN,NaN,NaN,NaN,NaN,NaN,NaN,NaN,NaN,NaN,NaN,NaN,NaN,NaN,NaN,NaN,NaN,NaN,NaN,NaN,NaN,NaN,NaN,NaN,NaN,NaN,NaN,NaN,NaN,NaN,NaN,NaN,NaN,NaN,NaN,NaN,NaN,NaN,NaN,NaN,NaN,NaN,NaN,NaN,NaN,NaN,NaN,NaN,NaN,NaN,NaN,NaN,NaN,NaN,NaN,NaN,NaN,NaN,NaN,NaN,NaN,NaN,NaN,NaN,NaN,NaN,NaN,NaN,NaN,NaN,NaN,NaN,NaN,NaN,NaN,NaN,NaN,NaN,NaN,NaN,NaN,NaN,NaN,NaN,NaN,NaN,NaN,NaN,NaN,NaN,NaN,NaN,NaN,NaN,NaN,NaN,NaN,NaN,NaN,NaN,NaN,NaN,NaN,NaN,NaN,NaN,NaN,NaN,NaN,NaN,NaN,NaN,NaN,NaN,NaN,NaN,NaN,NaN,NaN,NaN,NaN,NaN,NaN,NaN,NaN,NaN,NaN,NaN,NaN,NaN,NaN,NaN,NaN,NaN,NaN,
SPECA,1378299693,1653325429.60,1653325531.60,33,NaN,NaN,NaN,NaN,NaN,NaN,NaN,NaN,NaN,NaN,NaN,NaN,NaN,NaN,NaN,NaN,NaN,NaN,NaN,NaN,NaN,NaN,NaN,NaN,NaN,NaN,NaN,NaN,NaN,NaN,NaN,NaN,NaN,NaN,NaN,NaN,18.794035,37.902992,5.666275,-9.456312,-0.330799,2.326125,0.000000,0.000000,0.000000,0.514779,-1.381127,-2.346811,77.085190,165.595790,26.816259,-46.478992,0.775690,10.497701,0.000000,0.000000,0.000000,-13.227958,-4.963291,-1.681329,550.040830,982.915530,235.763380,-85.313499,-64.784187,-13.746489,0.000000,0.000000,0.000000,-74.630424,74.296211,97.063850,2522.300300,4827.039600,3572.490500,1664.274800,181.364330,401.704280,0.000000,0.000000,0.000000,-269.083070,2428.211900,2968.057400,8953.266600,18338.627000,19108.977000,9799.842800,1362.356200,1997.131300,0.000000,0.000000,0.000000,-506.454960,12140.252000,16655.461000,8563.618200,18481.424000,20212.789000,9141.237300,2209.613000,3294.297600,0.000000,0.000000,0.000000,53.786396,11828.088000,16903.166000,2949.371100,6919.866700,6579.244600,2146.537600,538.301510,1631.314500,0.000000,0.000000,0.000000,-69.875366,3508.632300,5322.899400,886.033330,1512.622200,2128.266100,638.849980,171.124690,114.482660,0.000000,0.000000,0.000000,20.739708,1109.218300,1359.182400,443.817840,1002.660300,1321.706300,185.206500,85.330063,-21.998148,0.000000,0.000000,0.000000,29.096449,503.537750,769.907900,260.301940,620.737730,692.132450,2.747344,11.251159,-57.202503,0.000000,0.000000,0.000000,-18.369019,196.003050,332.349000,275.117130,618.775570,904.971370,-37.929352,4.117433,-20.939259,0.000000,0.000000,0.000000,76.099983,145.580860,455.857180,394.793730,781.813350,1395.678600,-135.236080,-8.699288,-49.954990,0.000000,0.000000,0.000000,85.626434,159.322330,562.204470,486.950500,1007.349200,1522.108400,-412.395750,-37.146935,182.523070,0.000000,0.000000,0.000000,33.069347,41.981640,560.996950,366.606930,1113.954000,1645.210700,-410.476470,-60.414047,217.948620,0.000000,0.000000,0.000000,-19.900417,-68.716644,735.524840,314.706120,899.765750,1684.894200,-225.259860,38.313156,131.077470,0.000000,0.000000,0.000000,36.380669,153.435000,657.033200,273.525910,751.399410,1271.653800,-151.667820,102.855730,57.147621,0.000000,0.000000,0.000000,32.718529,156.542820,547.601990,238.723630,951.888670,1097.579700,-231.242110,28.250751,83.411980,0.000000,0.000000,0.000000,-15.896620,87.266762,475.360260,314.251100,818.592530,1024.128800,-350.035310,79.091385,-25.965136,0.000000,0.000000,0.000000,-22.766197,102.481030,282.403500,271.804660,650.096250,935.145940,-278.116180,89.080627,-40.102898,0.000000,0.000000,0.000000,-6.347636,39.150291,250.307650,265.601720,630.069890,752.468510,-232.580750,45.174240,-17.830326,0.000000,0.000000,0.000000,-19.541409,27.414045,267.371520,288.069790,726.371700,679.741820,-308.831120,11.977885,28.737720,0.000000,0.000000,0.000000,-51.467091,13.466697,193.024670,257.119570,664.928830,791.453610,-264.986210,34.968323,25.369715,0.000000,0.000000,0.000000,3.562420,45.651756,187.590450,241.885510,596.170590,804.898680,-195.179980,56.866085,103.061330,0.000000,0.000000,0.000000,26.923100,39.483120,187.120410,155.617160,514.567690,680.266850,-153.072340,35.066860,102.315030,0.000000,0.000000,0.000000,57.323513,33.344254,124.747820,181.434830,646.825200,738.416080,-225.528790,-8.938044,142.195240,0.000000,0.000000,0.000000,37.919598,50.625767,200.139740,182.969940,594.583310,832.363400,-199.616730,1.835448,99.164200,0.000000,0.000000,0.000000,-10.035556,-8.179834,323.035000,197.896510,620.764160,934.194270,-226.124950,-66.615280,205.518860,0.000000,0.000000,0.000000,-13.983068,-62.129951,347.570010,161.240770,573.295230,936.334170,-219.291410,-78.089058,228.669980,0.000000,0.000000,0.000000,8.001259,-85.463005,275.057190,177.766600,405.255770,517.021610,-184.004580,-8.799931,77.811722,0.000000,0.000000,0.000000,25.071110,-65.253418,128.277830,154.709750,430.512880,749.350770,-180.647350,25.295973,50.007713,0.000000,0.000000,0.000000,-1.150172,-96.072403,242.026250,97.708015,327.130550,522.008610,-112.989040,27.717014,-1.390893,0.000000,0.000000,0.000000,28.008078,-38.727177,146.584610,88.228386,314.073360,518.486820,-93.641243,41.688427,14.096162,0.000000,0.000000,0.000000,24.549730,-7.912740,147.186570,102.358220,283.911250,567.819460,-107.132080,38.689407,3.787761,0.000000,0.000000,0.000000,-23.466595,8.210428,115.591360,69.021004,160.085770,477.086940,-61.050770,23.511061,6.850562,0.000000,0.000000,0.000000,-12.077500,-4.102687,69.170006,61.968456,174.328890,309.752780,-62.456249,13.517234,24.183823,0.000000,0.000000,0.000000,1.620100,-2.263301,63.297756,97.928177,214.778590,352.044310,-101.094140,-24.570700,68.387337,0.000000,0.000000,0.000000,-3.104059,0.464526,45.524673,77.429855,155.534270,459.741520,-60.080410,3.353893,75.090851,0.000000,0.000000,0.000000,-2.726000,4.524099,42.130100,58.178619,140.491150,388.789550,-48.633537,16.142929,47.271145,0.000000,0.000000,0.000000,19.636732,-37.566147,74.075264,67.080338,169.135480,325.497130,-60.579102,-21.379272,62.004932,0.000000,0.000000,0.000000,6.810232,-15.214561,51.761971,65.187515,180.064160,271.273930,-57.998383,-6.893698,55.197090,0.000000,0.000000,0.000000,16.159290,-16.254175,37.012821,49.547913,156.630230,303.998630,-38.438660,21.021194,47.949959,0.000000,0.000000,0.000000,5.621181,-10.878042,61.777370,52.069641,159.604000,271.034390,-58.611359,5.077877,51.651569,0.000000,0.000000,0.000000,-8.902501,-4.246872,60.555435,38.169174,107.918720,294.431820,-34.297848,17.407606,27.916517,0.000000,0.000000,0.000000,5.668359,-12.955630,67.964005,30.220291,88.736038,277.388280,-30.530113,-16.695032,45.830334,0.000000,0.000000,0.000000,1.838699,1.958376,30.174911,31.865120,86.095901,224.624220,-29.776600,-12.803880,56.719131,0.000000,0.000000,0.000000,0.003514,-5.681497,41.093357,29.104446,86.484688,200.286300,-26.863958,8.502970,25.292784,0.000000,0.000000,0.000000,-1.127899,-13.020695,44.419556,32.622185,120.822880,147.489290,-38.758617,17.544155,4.087558,0.000000,0.000000,0.000000,-0.911740,-9.794542,42.441330,42.311172,126.415250,118.592010,-45.388702,13.379924,-4.041147,0.000000,0.000000,0.000000,-2.443335,-3.039984,29.264481,35.958931,112.656880,127.648820,-40.645836,4.570026,19.550682,0.000000,0.000000,0.000000,0.190279,3.200090,4.971842,22.191328,84.658524,118.367920,-22.803261,-2.311107,32.232368,0.000000,0.000000,0.000000,4.977215,7.688180,-10.492718,20.910540,43.610439,121.223050,-10.806767,7.071795,26.829445,0.000000,0.000000,0.000000,-3.457813,12.580083,-7.169118,22.779663,54.213196,123.982540,-16.646837,5.174931,17.767092,0.000000,0.000000,0.000000,-1.963134,-3.163244,8.710037,28.665365,65.688507,122.810490,-23.070456,-9.685604,27.166805,0.000000,0.000000,0.000000,3.529850,-2.052025,2.249207,29.216639,71.812386,135.811330,-27.294714,-10.729755,40.204712,0.000000,0.000000,0.000000,0.074047,8.211009,-11.420173,24.511827,75.235634,102.310440,-30.163649,-4.485429,28.628099,0.000000,0.000000,0.000000,-5.903363,1.359747,11.343102,20.437284,59.084381,126.533860,-17.467825,6.045169,18.352913,0.000000,0.000000,0.000000,1.450701,-11.808287,19.827267,21.976187,59.585041,142.864650,-13.882723,4.039443,39.074772,0.000000,0.000000,0.000000,5.529621,-12.801453,7.811610,24.678623,58.726025,125.871800,-19.485060,-4.746898,35.904461,0.000000,0.000000,0.000000,1.645538,-5.175611,9.913430,22.670845,40.803490,95.493973,-15.882976,-8.986219,21.175581,0.000000,0.000000,0.000000,-3.282321,-7.619280,16.574970,24.524851,55.040817,86.777962,-20.832031,-10.094316,28.657045,0.000000,0.000000,0.000000,-6.670787,-1.895307,13.743745,22.258514,47.181728,68.060043,-17.654860,-10.675309,27.587393,0.000000,0.000000,0.000000,-2.231778,-3.367927,7.894616,17.244987,44.952263,48.767189,-12.245087,-4.186677,12.655766,0.000000,0.000000,0.000000,-4.368270,-5.933610,14.175430,19.854603,48.007557,49.770298,-11.523871,-3.376499,11.706158,0.000000,0.000000,0.000000,-1.694021,-6.555645,13.301726,23.245075,41.647999,51.416351,-14.032154,-4.715322,7.945848,0.000000,0.000000,0.000000,-0.742153,-6.301782,14.988528,20.506857,43.439026,52.084030,-8.924959,-2.954750,9.803061,0.000000,0.000000,0.000000,1.184546,-1.608360,-2.231823,26.929846,40.932545,56.183479,-11.767618,3.054589,10.605230,0.000000,0.000000,0.000000,-3.178239,-0.791066,-4.887728,24.662216,37.024227,52.580708,-12.570209,3.599961,11.791206,0.000000,0.000000,0.000000,-5.981391,-2.435990,4.769532,27.028234,51.950294,54.797932,-15.489966,-2.806032,16.173546,0.000000,0.000000,0.000000,1.008032,-3.972085,-0.116684,20.065844,33.232475,54.914242,-9.878651,-3.548172,14.598216,0.000000,0.000000,0.000000,-1.410365,-1.653948,-0.491237,16.424734,30.844650,37.119057,-4.159974,1.072531,11.214183,0.000000,0.000000,0.000000,-2.233941,-6.140679,2.295640,12.321445,38.684132,27.934248,-6.492892,0.022103,7.441467,0.000000,0.000000,0.000000,-2.525548,-4.797281,1.845275,15.879140,31.234158,42.219345,-11.757545,-2.468961,7.872620,0.000000,0.000000,0.000000,-2.422164,-4.271579,1.948533,18.231718,25.026073,40.754192,-10.989140,-0.506689,5.913402,0.000000,0.000000,0.000000,-0.301063,-3.406879,1.093669,16.779882,21.491737,38.234795,-7.521215,2.726886,0.369904,0.000000,0.000000,0.000000,1.912027,-2.188912,1.523402,17.261845,19.185272,33.243881,-6.995959,-0.977647,3.092181,0.000000,0.000000,0.000000,2.167446,2.316553,1.574564,13.419680,22.630035,28.448435,-6.003200,0.193253,3.988423,0.000000,0.000000,0.000000,1.158906,5.271864,-1.739211,15.111714,23.233912,25.139532,-4.707601,3.474697,5.221252,0.000000,0.000000,0.000000,-0.516546,4.523015,-2.851561,13.288953,27.523430,28.371513,-2.368058,3.442140,9.293795,0.000000,0.000000,0.000000,-2.673123,1.031450,-2.130184,9.772269,27.815207,27.162313,-3.789218,1.890555,7.935033,0.000000,0.000000,0.000000,-2.846634,1.291803,-0.890325,NaN,NaN,NaN,NaN,NaN,NaN,NaN,NaN,NaN,NaN,NaN,NaN,NaN,NaN,NaN,NaN,NaN,NaN,NaN,NaN,NaN,NaN,NaN,NaN,NaN,NaN,NaN,NaN,NaN,NaN,NaN,NaN,NaN,NaN,NaN,NaN,NaN,NaN,NaN,NaN,NaN,NaN,NaN,NaN,NaN,NaN,NaN,NaN,NaN,NaN,NaN,NaN,NaN,NaN,NaN,NaN,NaN,NaN,NaN,NaN,NaN,NaN,NaN,NaN,NaN,NaN,NaN,NaN,NaN,NaN,NaN,NaN,NaN,NaN,NaN,NaN,NaN,NaN,NaN,NaN,NaN,NaN,NaN,NaN,NaN,NaN,NaN,NaN,NaN,NaN,NaN,NaN,NaN,NaN,NaN,NaN,NaN,NaN,NaN,NaN,NaN,NaN,NaN,NaN,NaN,NaN,NaN,NaN,NaN,NaN,NaN,NaN,NaN,NaN,NaN,NaN,NaN,NaN,NaN,NaN,NaN,NaN,NaN,NaN,NaN,NaN,NaN,NaN,NaN,NaN,NaN,NaN,NaN,NaN,NaN,NaN,NaN,NaN,NaN,NaN,NaN,NaN,NaN,NaN,NaN,NaN,NaN,NaN,NaN,NaN,NaN,NaN,NaN,NaN,NaN,NaN,NaN,NaN,NaN,NaN,NaN,NaN,NaN,NaN,NaN,NaN,NaN,NaN,NaN,NaN,NaN,NaN,NaN,NaN,NaN,NaN,NaN,NaN,NaN,NaN,NaN,NaN,NaN,NaN,NaN,NaN,NaN,NaN,NaN,NaN,NaN,NaN,NaN,NaN,NaN,NaN,NaN,NaN,NaN,NaN,NaN,NaN,NaN,NaN,NaN,NaN,NaN,NaN,NaN,NaN,NaN,NaN,NaN,NaN,NaN,NaN,NaN,NaN,NaN,NaN,NaN,NaN,NaN,NaN,NaN,NaN,NaN,NaN,NaN,NaN,NaN,NaN,NaN,NaN,NaN,NaN,NaN,NaN,NaN,NaN,NaN,NaN,NaN,NaN,NaN,NaN,NaN,NaN,NaN,NaN,NaN,NaN,NaN,NaN,NaN,NaN,NaN,NaN,NaN,NaN,NaN,NaN,NaN,NaN,NaN,NaN,NaN,NaN,NaN,NaN,NaN,NaN,NaN,NaN,NaN,NaN,NaN,NaN,NaN,NaN,NaN,NaN,NaN,NaN,NaN,NaN,NaN,NaN,NaN,NaN,NaN,NaN,NaN,NaN,NaN,NaN,NaN,NaN,NaN,NaN,NaN,NaN,NaN,NaN,NaN,NaN,NaN,NaN,NaN,NaN,NaN,NaN,NaN,NaN,NaN,NaN,NaN,NaN,NaN,NaN,NaN,NaN,NaN,NaN,NaN,NaN,NaN,NaN,NaN,NaN,NaN,NaN,NaN,NaN,NaN,NaN,NaN,NaN,NaN,NaN,NaN,NaN,NaN,NaN,NaN,NaN,NaN,NaN,NaN,NaN,NaN,NaN,NaN,NaN,NaN,NaN,NaN,NaN,NaN,NaN,NaN,NaN,NaN,NaN,NaN,NaN,NaN,NaN,NaN,NaN,NaN,NaN,NaN,NaN,NaN,NaN,NaN,NaN,NaN,NaN,NaN,NaN,NaN,NaN,NaN,NaN,NaN,NaN,NaN,NaN,NaN,NaN,NaN,NaN,NaN,NaN,NaN,NaN,NaN,NaN,NaN,NaN,NaN,NaN,NaN,NaN,NaN,NaN,NaN,NaN,NaN,NaN,NaN,NaN,NaN,NaN,NaN,NaN,NaN,NaN,NaN,NaN,NaN,NaN,NaN,NaN,NaN,NaN,NaN,NaN,NaN,NaN,NaN,NaN,NaN,NaN,NaN,NaN,NaN,NaN,NaN,NaN,NaN,NaN,NaN,NaN,NaN,NaN,NaN,NaN,NaN,NaN,NaN,NaN,NaN,NaN,NaN,NaN,NaN,NaN,NaN,NaN,NaN,NaN,NaN,NaN,NaN,NaN,NaN,NaN,NaN,NaN,NaN,NaN,NaN,NaN,NaN,NaN,NaN,NaN,NaN,NaN,NaN,NaN,NaN,NaN,NaN,NaN,NaN,NaN,NaN,NaN,NaN,NaN,NaN,NaN,NaN,NaN,NaN,NaN,NaN,NaN,NaN,NaN,NaN,NaN,NaN,NaN,NaN,NaN,NaN,NaN,NaN,NaN,NaN,NaN,NaN,NaN,NaN,NaN,NaN,NaN,NaN,NaN,NaN,NaN,NaN,NaN,NaN,NaN,NaN,NaN,NaN,NaN,NaN,NaN,NaN,NaN,NaN,NaN,NaN,NaN,NaN,NaN,NaN,NaN,NaN,NaN,NaN,NaN,NaN,NaN,
SPECA,1380097792,1653327229.60,1653327331.60,33,NaN,NaN,NaN,NaN,NaN,NaN,NaN,NaN,NaN,NaN,NaN,NaN,NaN,NaN,NaN,NaN,NaN,NaN,NaN,NaN,NaN,NaN,NaN,NaN,NaN,NaN,NaN,NaN,NaN,NaN,NaN,NaN,NaN,NaN,NaN,NaN,517.887940,619.461300,69.335480,-232.200360,-26.750532,-2.981522,0.000000,0.000000,0.000000,-194.071720,11.040163,-15.048127,607.866760,1025.556900,121.063380,-285.913730,-12.982458,-48.576744,0.000000,0.000000,0.000000,-122.971950,-12.185464,18.042849,804.111510,1554.127800,369.959560,-257.360020,93.043922,-116.040830,0.000000,0.000000,0.000000,136.747770,137.306530,158.724210,3449.925300,6604.992700,6146.531700,3315.014600,56.236237,501.737760,0.000000,0.000000,0.000000,-196.770750,4119.950200,5437.214800,12912.420000,19968.689000,27032.768000,14055.276000,896.381650,3363.136700,0.000000,0.000000,0.000000,-1366.633100,18069.301000,21521.516000,8811.888700,14994.625000,19660.453000,9242.823200,920.953370,3553.135500,0.000000,0.000000,0.000000,-1369.032100,12353.092000,15354.708000,2449.502700,6699.385700,5999.796900,2648.155000,483.637480,1451.954700,0.000000,0.000000,0.000000,-116.667560,3264.510000,5449.350600,854.403990,1432.952800,1575.211200,244.654050,198.707460,-107.954610,0.000000,0.000000,0.000000,270.257350,873.546690,957.459470,398.268950,786.394780,701.510740,-81.601013,91.323715,8.143189,0.000000,0.000000,0.000000,45.055370,324.119900,284.779330,265.883300,510.227450,481.055600,-115.853240,70.697357,-53.570389,0.000000,0.000000,0.000000,-31.925484,208.313710,133.635990,224.351390,708.159550,1055.446200,-144.128780,-19.497246,28.886374,0.000000,0.000000,0.000000,-24.037094,85.722527,492.743960,351.888580,834.305180,1399.615500,-267.830840,-78.717575,35.585762,0.000000,0.000000,0.000000,28.809160,51.907990,613.529970,547.769590,808.062930,1470.831500,-357.120150,-107.148300,-37.078018,0.000000,0.000000,0.000000,-42.433006,157.183840,534.773500,414.963130,782.956670,1161.889000,-364.634370,-146.065260,-29.822838,0.000000,0.000000,0.000000,-84.964272,9.325696,379.342160,264.731750,704.271730,1096.462000,-259.296450,-20.812319,-14.603868,0.000000,0.000000,0.000000,30.857307,42.637703,316.999570,439.344180,589.733340,1171.452100,-293.975220,4.475758,138.880190,0.000000,0.000000,0.000000,-20.264343,221.399140,152.550510,341.467320,587.173220,904.391600,-234.906740,-47.432579,111.016360,0.000000,0.000000,0.000000,-30.161327,201.448240,226.061890,336.017240,740.122380,1258.672600,-276.784000,-41.142616,126.304820,0.000000,0.000000,0.000000,-37.905640,244.828870,356.481810,334.026000,983.216310,1355.245000,-391.097410,-160.612780,336.382570,0.000000,0.000000,0.000000,-119.642040,59.834312,548.773800,340.462160,748.893370,1125.647600,-335.015690,-95.010292,238.969360,0.000000,0.000000,0.000000,-91.945992,-70.243538,460.065030,419.272250,706.358830,1132.279700,-372.551120,-26.156233,36.651192,0.000000,0.000000,0.000000,-41.208591,136.243940,135.379970,294.528660,769.071720,1094.476400,-335.889130,17.360855,158.916920,0.000000,0.000000,0.000000,3.841622,-26.629375,325.639400,193.561330,575.611570,767.210140,-217.308500,-42.402515,197.687620,0.000000,0.000000,0.000000,-47.126415,-30.211330,308.529940,163.064060,398.422090,775.331050,-156.874530,-25.560871,111.247070,0.000000,0.000000,0.000000,-36.669743,50.263477,153.727860,150.694820,358.984770,860.364750,-133.248090,-55.206219,150.723680,0.000000,0.000000,0.000000,-61.359035,32.864449,171.369380,227.356160,537.911380,751.953670,-235.846100,-59.324017,184.970500,0.000000,0.000000,0.000000,-6.557303,-64.835266,307.159480,343.307100,724.493770,1426.682400,-330.519320,-106.113920,258.013610,0.000000,0.000000,0.000000,1.597335,-230.194260,634.505680,332.772460,533.588440,946.702640,-278.846010,-1.148445,85.083961,0.000000,0.000000,0.000000,32.723690,-82.929108,379.910000,173.860860,448.244870,738.023680,-164.781950,-44.382683,112.484210,0.000000,0.000000,0.000000,22.583776,-6.846463,221.888640,119.320390,427.106750,940.640260,-112.476100,-62.691902,140.067930,0.000000,0.000000,0.000000,-5.920252,-52.320869,355.529480,129.255280,265.373870,756.827210,-110.418240,-1.732557,106.198530,0.000000,0.000000,0.000000,8.577208,-96.459122,252.218380,108.221850,304.145570,429.807710,-96.174149,44.925472,-18.511751,0.000000,0.000000,0.000000,-16.304907,-64.096375,153.204300,105.933840,269.525600,454.093900,-80.998177,11.375750,0.738949,0.000000,0.000000,0.000000,-20.442736,-20.813549,142.108570,108.483710,237.229740,626.723570,-83.599167,12.242714,56.955105,0.000000,0.000000,0.000000,-5.560110,-19.134459,178.556290,83.820137,218.575320,451.324460,-77.114189,-51.960270,98.157608,0.000000,0.000000,0.000000,-14.342769,15.571188,98.866936,99.671272,218.280320,440.792540,-83.721169,-42.018776,95.646751,0.000000,0.000000,0.000000,-7.120228,22.859425,72.190910,79.230942,173.036680,421.416810,-67.335953,13.934951,37.152454,0.000000,0.000000,0.000000,3.891988,-16.823156,97.529823,59.419605,144.507770,272.375670,-57.743946,18.072586,21.252398,0.000000,0.000000,0.000000,4.755612,-6.218232,56.046535,64.437088,165.640120,222.674620,-68.552536,11.070170,29.137938,0.000000,0.000000,0.000000,-1.745351,-12.367359,55.507549,62.150970,145.895490,306.617650,-55.163036,9.886013,10.535051,0.000000,0.000000,0.000000,0.220439,-22.177757,65.858620,44.101349,133.648450,251.047440,-43.260498,2.789394,18.777279,0.000000,0.000000,0.000000,7.212809,-16.511652,65.561554,45.502392,162.524140,247.777570,-54.197281,-6.477898,41.430649,0.000000,0.000000,0.000000,-8.193087,-20.914989,81.936119,41.691071,107.910810,242.241850,-40.617798,-15.645378,21.295559,0.000000,0.000000,0.000000,-8.340899,-12.613779,43.480595,40.365643,98.938705,272.416780,-36.322800,-19.645884,22.889709,0.000000,0.000000,0.000000,-12.018653,-10.579658,53.683758,42.702106,95.434898,265.926880,-38.099442,-4.861568,54.288609,0.000000,0.000000,0.000000,0.997003,-11.545648,53.873863,36.146088,93.956535,216.614670,-40.288326,0.794229,45.895649,0.000000,0.000000,0.000000,2.279833,-11.730661,34.757568,30.789089,64.577873,202.518100,-20.977865,8.379486,7.389855,0.000000,0.000000,0.000000,-1.524051,-26.600719,51.369377,30.383251,54.919472,146.733830,-14.817470,-3.228354,21.815231,0.000000,0.000000,0.000000,-2.685861,-15.820844,39.114128,35.628128,47.725346,128.372090,-16.106583,0.252121,31.146990,0.000000,0.000000,0.000000,-5.588367,5.269610,22.311998,31.882662,48.914009,133.764400,-22.849472,-14.752718,37.357441,0.000000,0.000000,0.000000,-7.390089,2.124843,11.861449,20.655540,63.013309,137.349560,-16.365000,-2.331397,35.681854,0.000000,0.000000,0.000000,-8.579604,-1.629348,22.689814,23.466766,62.263348,129.552090,-21.735306,-2.286154,33.907082,0.000000,0.000000,0.000000,-2.087696,-5.483877,28.898314,23.537043,43.476532,141.227130,-15.922503,-1.884042,32.796726,0.000000,0.000000,0.000000,-3.126960,-5.171878,23.666679,19.128494,43.942398,102.557150,-14.828818,-1.241456,10.409596,0.000000,0.000000,0.000000,0.705259,-1.631977,18.441532,21.208735,43.485065,88.831093,-17.821999,-1.194142,-1.481073,0.000000,0.000000,0.000000,-1.325898,-2.682489,10.660321,23.094803,42.459587,88.405914,-17.911987,-6.144302,19.598789,0.000000,0.000000,0.000000,1.033744,-9.287094,14.874488,14.429174,40.648796,81.773865,-12.075518,-7.521658,20.588890,0.000000,0.000000,0.000000,-0.271857,-5.794611,19.833326,18.559729,40.901581,95.695801,-15.073804,-7.161565,31.093920,0.000000,0.000000,0.000000,-5.363748,-5.397787,23.185429,27.924614,42.640690,70.235336,-21.177116,1.124331,15.051065,0.000000,0.000000,0.000000,-0.356217,-7.783548,10.893490,30.939554,42.881657,56.160664,-18.243935,-3.514489,16.592018,0.000000,0.000000,0.000000,-0.154994,-3.443759,-1.582197,24.594309,35.095402,65.226929,-12.750643,-1.490866,14.124767,0.000000,0.000000,0.000000,0.597958,-3.368007,-15.574658,24.316492,38.062519,69.585403,-15.342809,6.259204,2.956566,0.000000,0.000000,0.000000,-0.354152,-7.088443,-9.737084,21.570835,31.033833,77.239700,-15.039576,0.227482,16.681704,0.000000,0.000000,0.000000,-4.201358,-0.737079,0.993963,18.910461,36.674355,50.599075,-6.715016,1.073763,21.622330,0.000000,0.000000,0.000000,-5.723574,4.537359,-7.362874,18.897924,36.137497,43.458523,-6.237685,0.636361,11.927984,0.000000,0.000000,0.000000,-1.611201,-7.537222,-0.649790,19.653326,36.117031,50.670692,-11.014467,2.848122,15.492970,0.000000,0.000000,0.000000,1.245842,-7.798800,6.613581,18.613068,34.952374,39.059032,-8.849887,2.204253,12.130248,0.000000,0.000000,0.000000,2.114676,-6.327420,9.786910,17.014727,26.222191,24.566925,-6.367817,3.625317,3.874150,0.000000,0.000000,0.000000,-1.947113,-0.569918,2.579035,13.661962,35.813450,25.098083,-7.273083,0.336594,7.715460,0.000000,0.000000,0.000000,1.807174,-0.983924,-2.161458,14.951863,38.178196,35.858772,-6.193780,1.270786,13.817489,0.000000,0.000000,0.000000,-2.146172,-1.898363,-1.711387,15.373730,40.837894,35.964069,-4.798423,3.592808,14.284569,0.000000,0.000000,0.000000,-2.534641,-2.508124,8.784122,19.691715,29.445581,31.125475,-4.599068,5.313685,14.202927,0.000000,0.000000,0.000000,-0.937851,-1.139118,6.972055,18.349995,23.029093,36.167572,-3.732394,7.459167,11.640094,0.000000,0.000000,0.000000,0.514150,0.303300,-0.551174,15.028796,27.210445,27.597893,-7.760257,1.876990,8.563923,0.000000,0.000000,0.000000,1.694932,0.281930,1.707445,13.384785,28.075743,24.485691,-6.201008,0.680719,8.435349,0.000000,0.000000,0.000000,2.005814,0.355800,-4.406202,16.121529,23.253780,26.481285,-2.952912,2.236905,8.673475,0.000000,0.000000,0.000000,3.510048,-4.018393,-0.271335,19.092196,21.152546,25.696154,-3.478009,-1.724222,4.955644,0.000000,0.000000,0.000000,4.201550,-1.049415,1.923963,15.888132,18.172699,28.917486,-4.605513,-5.939319,3.491297,0.000000,0.000000,0.000000,0.165313,-1.589837,1.470536,10.445785,16.491745,30.132124,-2.960606,-0.964305,7.292827,0.000000,0.000000,0.000000,0.745193,-4.609656,3.859401,NaN,NaN,NaN,NaN,NaN,NaN,NaN,NaN,NaN,NaN,NaN,NaN,NaN,NaN,NaN,NaN,NaN,NaN,NaN,NaN,NaN,NaN,NaN,NaN,NaN,NaN,NaN,NaN,NaN,NaN,NaN,NaN,NaN,NaN,NaN,NaN,NaN,NaN,NaN,NaN,NaN,NaN,NaN,NaN,NaN,NaN,NaN,NaN,NaN,NaN,NaN,NaN,NaN,NaN,NaN,NaN,NaN,NaN,NaN,NaN,NaN,NaN,NaN,NaN,NaN,NaN,NaN,NaN,NaN,NaN,NaN,NaN,NaN,NaN,NaN,NaN,NaN,NaN,NaN,NaN,NaN,NaN,NaN,NaN,NaN,NaN,NaN,NaN,NaN,NaN,NaN,NaN,NaN,NaN,NaN,NaN,NaN,NaN,NaN,NaN,NaN,NaN,NaN,NaN,NaN,NaN,NaN,NaN,NaN,NaN,NaN,NaN,NaN,NaN,NaN,NaN,NaN,NaN,NaN,NaN,NaN,NaN,NaN,NaN,NaN,NaN,NaN,NaN,NaN,NaN,NaN,NaN,NaN,NaN,NaN,NaN,NaN,NaN,NaN,NaN,NaN,NaN,NaN,NaN,NaN,NaN,NaN,NaN,NaN,NaN,NaN,NaN,NaN,NaN,NaN,NaN,NaN,NaN,NaN,NaN,NaN,NaN,NaN,NaN,NaN,NaN,NaN,NaN,NaN,NaN,NaN,NaN,NaN,NaN,NaN,NaN,NaN,NaN,NaN,NaN,NaN,NaN,NaN,NaN,NaN,NaN,NaN,NaN,NaN,NaN,NaN,NaN,NaN,NaN,NaN,NaN,NaN,NaN,NaN,NaN,NaN,NaN,NaN,NaN,NaN,NaN,NaN,NaN,NaN,NaN,NaN,NaN,NaN,NaN,NaN,NaN,NaN,NaN,NaN,NaN,NaN,NaN,NaN,NaN,NaN,NaN,NaN,NaN,NaN,NaN,NaN,NaN,NaN,NaN,NaN,NaN,NaN,NaN,NaN,NaN,NaN,NaN,NaN,NaN,NaN,NaN,NaN,NaN,NaN,NaN,NaN,NaN,NaN,NaN,NaN,NaN,NaN,NaN,NaN,NaN,NaN,NaN,NaN,NaN,NaN,NaN,NaN,NaN,NaN,NaN,NaN,NaN,NaN,NaN,NaN,NaN,NaN,NaN,NaN,NaN,NaN,NaN,NaN,NaN,NaN,NaN,NaN,NaN,NaN,NaN,NaN,NaN,NaN,NaN,NaN,NaN,NaN,NaN,NaN,NaN,NaN,NaN,NaN,NaN,NaN,NaN,NaN,NaN,NaN,NaN,NaN,NaN,NaN,NaN,NaN,NaN,NaN,NaN,NaN,NaN,NaN,NaN,NaN,NaN,NaN,NaN,NaN,NaN,NaN,NaN,NaN,NaN,NaN,NaN,NaN,NaN,NaN,NaN,NaN,NaN,NaN,NaN,NaN,NaN,NaN,NaN,NaN,NaN,NaN,NaN,NaN,NaN,NaN,NaN,NaN,NaN,NaN,NaN,NaN,NaN,NaN,NaN,NaN,NaN,NaN,NaN,NaN,NaN,NaN,NaN,NaN,NaN,NaN,NaN,NaN,NaN,NaN,NaN,NaN,NaN,NaN,NaN,NaN,NaN,NaN,NaN,NaN,NaN,NaN,NaN,NaN,NaN,NaN,NaN,NaN,NaN,NaN,NaN,NaN,NaN,NaN,NaN,NaN,NaN,NaN,NaN,NaN,NaN,NaN,NaN,NaN,NaN,NaN,NaN,NaN,NaN,NaN,NaN,NaN,NaN,NaN,NaN,NaN,NaN,NaN,NaN,NaN,NaN,NaN,NaN,NaN,NaN,NaN,NaN,NaN,NaN,NaN,NaN,NaN,NaN,NaN,NaN,NaN,NaN,NaN,NaN,NaN,NaN,NaN,NaN,NaN,NaN,NaN,NaN,NaN,NaN,NaN,NaN,NaN,NaN,NaN,NaN,NaN,NaN,NaN,NaN,NaN,NaN,NaN,NaN,NaN,NaN,NaN,NaN,NaN,NaN,NaN,NaN,NaN,NaN,NaN,NaN,NaN,NaN,NaN,NaN,NaN,NaN,NaN,NaN,NaN,NaN,NaN,NaN,NaN,NaN,NaN,NaN,NaN,NaN,NaN,NaN,NaN,NaN,NaN,NaN,NaN,NaN,NaN,NaN,NaN,NaN,NaN,NaN,NaN,NaN,NaN,NaN,NaN,NaN,NaN,NaN,NaN,NaN,NaN,NaN,NaN,NaN,NaN,NaN,NaN,NaN,NaN,NaN,NaN,NaN,NaN,NaN,NaN,NaN,NaN,NaN,NaN,NaN,NaN,NaN,NaN,NaN,NaN,NaN,NaN,NaN,
SPECA,1381895915,1653329029.60,1653329131.60,33,NaN,NaN,NaN,NaN,NaN,NaN,NaN,NaN,NaN,NaN,NaN,NaN,NaN,NaN,NaN,NaN,NaN,NaN,NaN,NaN,NaN,NaN,NaN,NaN,NaN,NaN,NaN,NaN,NaN,NaN,NaN,NaN,NaN,NaN,NaN,NaN,129.093550,244.366900,26.424288,-51.461662,-9.575233,-4.114867,0.000000,0.000000,0.000000,-34.944733,0.867641,12.342250,223.663880,450.496770,65.870964,-104.780370,-30.450455,-3.514119,0.000000,0.000000,0.000000,-17.728081,11.514155,0.926977,723.523930,1030.963500,407.530360,-147.871020,14.910371,-50.020542,0.000000,0.000000,0.000000,34.843147,202.694560,127.544170,2563.261000,3906.122100,3756.138900,1724.324800,556.185420,170.042040,0.000000,0.000000,0.000000,403.833800,2568.730500,2945.057600,4984.926300,11631.281000,11487.331000,5645.362800,853.575200,1822.687000,0.000000,0.000000,0.000000,-680.940250,6872.246100,10019.952000,5050.316900,12005.262000,11181.981000,5250.426800,802.685300,2753.680400,0.000000,0.000000,0.000000,-1091.238900,6725.915500,9847.773400,2404.809600,5489.684600,5008.765600,2015.320300,336.962890,1110.976100,0.000000,0.000000,0.000000,-477.908230,2800.646200,4417.075700,683.984740,1845.482800,1712.609000,376.254390,-25.635048,140.575810,0.000000,0.000000,0.000000,-74.593521,773.801330,1322.448200,452.837830,755.740910,838.930540,3.654254,-149.875150,264.059170,0.000000,0.000000,0.000000,-232.067690,456.817260,363.533970,288.936610,578.526060,478.702760,-118.365870,-59.344994,242.532500,0.000000,0.000000,0.000000,-147.449740,223.394070,97.820557,221.565340,640.869020,653.286010,-198.438320,-97.848152,155.088100,0.000000,0.000000,0.000000,-99.146790,39.144279,248.627320,345.491390,876.614070,1029.829600,-370.663330,-87.746490,153.140110,0.000000,0.000000,0.000000,-83.065231,30.914793,307.353030,439.957280,946.009400,1135.420000,-427.940250,7.257729,31.905975,0.000000,0.000000,0.000000,-55.888344,76.428093,281.060000,419.844760,941.805180,1636.434600,-398.190980,-157.299930,199.175090,0.000000,0.000000,0.000000,-108.797880,-50.934647,588.551570,441.741520,928.913820,1776.508900,-378.133820,107.896700,68.708778,0.000000,0.000000,0.000000,-44.596149,105.849150,504.594510,422.313450,936.163330,1526.249500,-396.473240,126.240070,-7.471563,0.000000,0.000000,0.000000,0.120540,95.437035,552.321230,349.443910,764.368290,1537.092500,-317.667180,-19.370634,72.758659,0.000000,0.000000,0.000000,-71.558449,229.096190,347.134090,328.440770,662.679630,1670.298200,-240.393810,-24.165119,118.530770,0.000000,0.000000,0.000000,-73.332123,273.793240,371.812990,191.847720,551.972960,1390.387300,-153.986830,50.995621,-32.928917,0.000000,0.000000,0.000000,-12.135058,-8.819659,471.497470,268.122530,769.946780,1235.630700,-245.821370,38.499329,13.199393,0.000000,0.000000,0.000000,-4.618026,-60.109806,484.352260,361.351010,763.806340,1373.726200,-255.506610,-7.573120,82.382599,0.000000,0.000000,0.000000,-47.410286,12.119154,591.845950,284.357540,524.208190,1038.340000,-220.883530,39.257481,56.657261,0.000000,0.000000,0.000000,1.446633,2.177927,392.019810,234.949370,461.900330,780.313050,-173.014300,7.581728,142.597050,0.000000,0.000000,0.000000,40.288055,2.595312,278.020510,261.855220,568.882200,680.099060,-234.400910,-92.723251,152.244200,0.000000,0.000000,0.000000,19.990625,-31.276682,200.110730,223.410630,489.737700,773.578060,-193.432710,-0.204624,12.978447,0.000000,0.000000,0.000000,36.602825,9.438212,205.319810,202.429380,420.159670,969.678960,-210.759290,-13.426639,63.195381,0.000000,0.000000,0.000000,-9.023756,-10.069792,168.324950,236.665950,517.575260,1118.076000,-272.792270,-108.002360,245.029720,0.000000,0.000000,0.000000,-36.406075,-51.754429,224.751170,244.492540,557.214420,788.965940,-238.210750,16.373379,106.259480,0.000000,0.000000,0.000000,17.664627,-67.267029,250.255520,190.358280,571.708250,563.515690,-226.362120,34.892029,9.535796,0.000000,0.000000,0.000000,18.935310,-90.415848,287.801910,161.592560,412.105010,634.538820,-162.418330,-44.544182,83.505249,0.000000,0.000000,0.000000,-13.371834,-43.093052,230.376170,170.917860,325.930910,519.955080,-130.468700,-51.439911,27.461355,0.000000,0.000000,0.000000,-16.353535,22.757320,99.584740,159.040270,342.043090,398.828670,-147.088240,-13.582809,25.297241,0.000000,0.000000,0.000000,14.424123,-25.321819,104.336650,105.816630,290.949340,501.123410,-109.851780,-4.976480,60.001949,0.000000,0.000000,0.000000,13.694798,-28.074005,139.008540,90.527901,259.165130,514.629700,-96.938110,-12.658621,113.141200,0.000000,0.000000,0.000000,-6.309375,-50.386597,129.835210,82.130974,208.686160,428.434390,-89.941063,17.477858,25.207712,0.000000,0.000000,0.000000,6.534702,-39.668938,128.726350,56.586864,195.875260,489.847560,-51.558506,25.150969,34.864540,0.000000,0.000000,0.000000,8.288959,-11.973927,107.364800,77.744675,216.574070,406.795260,-84.119133,-14.688169,87.270874,0.000000,0.000000,0.000000,1.934260,-20.956427,101.928590,67.980293,196.505290,382.225430,-80.774902,-38.359699,110.061340,0.000000,0.000000,0.000000,-2.694024,-26.362038,95.538353,43.403713,149.493120,340.141750,-47.182430,-24.172892,73.308311,0.000000,0.000000,0.000000,-16.405422,-13.507105,89.430511,61.421074,141.395200,236.126500,-59.968899,13.272455,17.819433,0.000000,0.000000,0.000000,-11.411333,-17.619410,75.320290,67.367195,149.889850,186.925080,-69.728867,8.074318,20.438486,0.000000,0.000000,0.000000,4.196024,-25.837143,57.039948,54.203575,131.535800,195.833250,-49.568733,1.292623,24.715261,0.000000,0.000000,0.000000,6.229288,-2.166250,30.391029,34.337090,96.140457,214.874600,-24.648031,6.240143,32.995094,0.000000,0.000000,0.000000,8.600743,-10.128787,44.525993,27.821537,88.276001,218.984600,-25.743340,-12.879244,55.041492,0.000000,0.000000,0.000000,9.543311,-18.812237,42.896015,31.992239,65.186958,198.181560,-25.476839,-8.352423,42.539272,0.000000,0.000000,0.000000,-2.283593,-5.138737,36.549225,30.408092,49.682766,175.155350,-15.660947,8.098713,29.851234,0.000000,0.000000,0.000000,-2.052685,-4.642968,26.987720,27.214369,32.709438,108.194420,-12.250369,7.072252,12.351171,0.000000,0.000000,0.000000,1.915043,-5.686462,7.034197,26.856558,48.106846,129.065310,-17.559858,13.392365,8.040313,0.000000,0.000000,0.000000,-0.082641,-2.106860,17.599186,31.121397,66.585838,156.507340,-26.853527,2.373311,35.659477,0.000000,0.000000,0.000000,-1.096471,-5.692330,26.832899,29.507458,63.010162,142.919970,-17.526695,8.514739,34.076580,0.000000,0.000000,0.000000,-2.897044,-1.072261,15.198902,21.404743,53.255329,97.778358,-12.806559,2.775418,15.852110,0.000000,0.000000,0.000000,-1.849535,1.352579,10.759808,22.985010,51.633324,87.492386,-16.656824,1.398867,4.776288,0.000000,0.000000,0.000000,-8.033442,0.391394,14.283683,20.352495,54.813484,115.914570,-19.214079,1.193908,7.480217,0.000000,0.000000,0.000000,-2.212448,-3.207498,13.138988,19.044788,55.085934,137.309810,-16.028793,-5.030075,20.006220,0.000000,0.000000,0.000000,0.564816,-8.950134,20.473635,20.993069,42.391350,98.148926,-14.233739,-4.708858,18.397299,0.000000,0.000000,0.000000,-0.646947,-3.310864,14.578077,20.681047,33.205765,90.351463,-9.575311,1.888449,15.177135,0.000000,0.000000,0.000000,2.278983,-1.877929,5.608305,16.097975,44.130943,88.626770,-10.979567,-4.246588,27.389669,0.000000,0.000000,0.000000,1.995561,-7.039340,6.337580,15.828338,46.424763,83.233452,-13.565908,-7.812692,21.113205,0.000000,0.000000,0.000000,1.991480,-8.558898,10.876713,19.312536,44.309738,69.035767,-15.565850,-7.554511,15.060217,0.000000,0.000000,0.000000,0.141175,-2.194449,-2.576932,20.035994,38.590000,64.605736,-13.070495,-5.586192,16.613642,0.000000,0.000000,0.000000,-2.744514,-1.132875,1.115179,23.199514,38.636536,69.617699,-13.765695,1.293119,15.074387,0.000000,0.000000,0.000000,-3.971896,0.336141,-2.629906,25.644732,44.739285,51.416615,-20.852972,-4.863912,16.236275,0.000000,0.000000,0.000000,-2.091486,2.277577,-3.248923,20.708958,35.726288,48.326275,-12.489191,-1.442247,17.127848,0.000000,0.000000,0.000000,0.034891,-2.935862,4.162277,18.070696,29.903631,45.437683,-5.651113,2.931768,11.466566,0.000000,0.000000,0.000000,0.917117,-4.623410,1.956385,18.341805,30.582584,32.295921,-11.242304,3.121158,2.072748,0.000000,0.000000,0.000000,-5.137247,-6.273813,0.023678,25.257885,36.671036,46.871574,-17.980345,4.289618,5.593561,0.000000,0.000000,0.000000,1.406061,-12.291892,6.284305,22.255775,43.294323,37.654213,-14.414393,-0.231055,12.251571,0.000000,0.000000,0.000000,2.350142,-5.864598,4.260312,22.468605,34.751534,28.926758,-10.413232,1.705617,5.623598,0.000000,0.000000,0.000000,1.021866,2.384546,-4.098676,25.306139,38.021049,52.354080,-12.137555,4.930127,14.011009,0.000000,0.000000,0.000000,1.786962,0.143454,1.773997,17.086157,40.131134,54.145321,-14.275050,2.093976,11.785424,0.000000,0.000000,0.000000,1.508958,-4.787481,4.307642,13.012054,31.131273,36.761696,-8.624210,0.911683,7.248330,0.000000,0.000000,0.000000,-3.247019,-4.184471,-0.420555,14.015696,23.779900,31.034554,-5.600429,1.275597,12.600211,0.000000,0.000000,0.000000,-7.237569,-0.506833,-2.186162,11.654675,22.492201,33.882851,-6.140904,0.025621,9.974345,0.000000,0.000000,0.000000,-2.013480,-0.285982,-2.454577,13.945913,20.943108,31.159676,-6.985499,2.919106,7.691270,0.000000,0.000000,0.000000,1.423951,-1.256289,2.303785,13.482724,15.992874,21.202837,-4.548459,5.921255,3.552130,0.000000,0.000000,0.000000,-0.082045,1.004353,-1.471554,12.164250,19.839201,17.071407,-4.568767,5.941188,0.507050,0.000000,0.000000,0.000000,-0.366585,0.350220,-2.249825,8.767894,20.675390,20.110561,-6.836845,1.168448,2.937190,0.000000,0.000000,0.000000,-1.088031,0.651109,-2.420803,7.561792,18.081909,24.328722,-5.534303,-0.148576,5.726166,0.000000,0.000000,0.000000,0.633161,-0.394112,-2.309918,8.686566,13.984297,23.000822,-2.527358,-1.018215,5.554988,0.000000,0.000000,0.000000,-0.260000,-0.379307,-1.349687,NaN,NaN,NaN,NaN,NaN,NaN,NaN,NaN,NaN,NaN,NaN,NaN,NaN,NaN,NaN,NaN,NaN,NaN,NaN,NaN,NaN,NaN,NaN,NaN,NaN,NaN,NaN,NaN,NaN,NaN,NaN,NaN,NaN,NaN,NaN,NaN,NaN,NaN,NaN,NaN,NaN,NaN,NaN,NaN,NaN,NaN,NaN,NaN,NaN,NaN,NaN,NaN,NaN,NaN,NaN,NaN,NaN,NaN,NaN,NaN,NaN,NaN,NaN,NaN,NaN,NaN,NaN,NaN,NaN,NaN,NaN,NaN,NaN,NaN,NaN,NaN,NaN,NaN,NaN,NaN,NaN,NaN,NaN,NaN,NaN,NaN,NaN,NaN,NaN,NaN,NaN,NaN,NaN,NaN,NaN,NaN,NaN,NaN,NaN,NaN,NaN,NaN,NaN,NaN,NaN,NaN,NaN,NaN,NaN,NaN,NaN,NaN,NaN,NaN,NaN,NaN,NaN,NaN,NaN,NaN,NaN,NaN,NaN,NaN,NaN,NaN,NaN,NaN,NaN,NaN,NaN,NaN,NaN,NaN,NaN,NaN,NaN,NaN,NaN,NaN,NaN,NaN,NaN,NaN,NaN,NaN,NaN,NaN,NaN,NaN,NaN,NaN,NaN,NaN,NaN,NaN,NaN,NaN,NaN,NaN,NaN,NaN,NaN,NaN,NaN,NaN,NaN,NaN,NaN,NaN,NaN,NaN,NaN,NaN,NaN,NaN,NaN,NaN,NaN,NaN,NaN,NaN,NaN,NaN,NaN,NaN,NaN,NaN,NaN,NaN,NaN,NaN,NaN,NaN,NaN,NaN,NaN,NaN,NaN,NaN,NaN,NaN,NaN,NaN,NaN,NaN,NaN,NaN,NaN,NaN,NaN,NaN,NaN,NaN,NaN,NaN,NaN,NaN,NaN,NaN,NaN,NaN,NaN,NaN,NaN,NaN,NaN,NaN,NaN,NaN,NaN,NaN,NaN,NaN,NaN,NaN,NaN,NaN,NaN,NaN,NaN,NaN,NaN,NaN,NaN,NaN,NaN,NaN,NaN,NaN,NaN,NaN,NaN,NaN,NaN,NaN,NaN,NaN,NaN,NaN,NaN,NaN,NaN,NaN,NaN,NaN,NaN,NaN,NaN,NaN,NaN,NaN,NaN,NaN,NaN,NaN,NaN,NaN,NaN,NaN,NaN,NaN,NaN,NaN,NaN,NaN,NaN,NaN,NaN,NaN,NaN,NaN,NaN,NaN,NaN,NaN,NaN,NaN,NaN,NaN,NaN,NaN,NaN,NaN,NaN,NaN,NaN,NaN,NaN,NaN,NaN,NaN,NaN,NaN,NaN,NaN,NaN,NaN,NaN,NaN,NaN,NaN,NaN,NaN,NaN,NaN,NaN,NaN,NaN,NaN,NaN,NaN,NaN,NaN,NaN,NaN,NaN,NaN,NaN,NaN,NaN,NaN,NaN,NaN,NaN,NaN,NaN,NaN,NaN,NaN,NaN,NaN,NaN,NaN,NaN,NaN,NaN,NaN,NaN,NaN,NaN,NaN,NaN,NaN,NaN,NaN,NaN,NaN,NaN,NaN,NaN,NaN,NaN,NaN,NaN,NaN,NaN,NaN,NaN,NaN,NaN,NaN,NaN,NaN,NaN,NaN,NaN,NaN,NaN,NaN,NaN,NaN,NaN,NaN,NaN,NaN,NaN,NaN,NaN,NaN,NaN,NaN,NaN,NaN,NaN,NaN,NaN,NaN,NaN,NaN,NaN,NaN,NaN,NaN,NaN,NaN,NaN,NaN,NaN,NaN,NaN,NaN,NaN,NaN,NaN,NaN,NaN,NaN,NaN,NaN,NaN,NaN,NaN,NaN,NaN,NaN,NaN,NaN,NaN,NaN,NaN,NaN,NaN,NaN,NaN,NaN,NaN,NaN,NaN,NaN,NaN,NaN,NaN,NaN,NaN,NaN,NaN,NaN,NaN,NaN,NaN,NaN,NaN,NaN,NaN,NaN,NaN,NaN,NaN,NaN,NaN,NaN,NaN,NaN,NaN,NaN,NaN,NaN,NaN,NaN,NaN,NaN,NaN,NaN,NaN,NaN,NaN,NaN,NaN,NaN,NaN,NaN,NaN,NaN,NaN,NaN,NaN,NaN,NaN,NaN,NaN,NaN,NaN,NaN,NaN,NaN,NaN,NaN,NaN,NaN,NaN,NaN,NaN,NaN,NaN,NaN,NaN,NaN,NaN,NaN,NaN,NaN,NaN,NaN,NaN,NaN,NaN,NaN,NaN,NaN,NaN,NaN,NaN,NaN,NaN,NaN,NaN,NaN,NaN,NaN,NaN,NaN,NaN,NaN,NaN,NaN,NaN,NaN,NaN,NaN,NaN,NaN,
SPECA,1383694010,1653330829.60,1653330931.60,33,NaN,NaN,NaN,NaN,NaN,NaN,NaN,NaN,NaN,NaN,NaN,NaN,NaN,NaN,NaN,NaN,NaN,NaN,NaN,NaN,NaN,NaN,NaN,NaN,NaN,NaN,NaN,NaN,NaN,NaN,NaN,NaN,NaN,NaN,NaN,NaN,221.285780,384.797360,59.217606,-135.473830,4.918186,-5.450537,0.000000,0.000000,0.000000,12.243203,9.618073,15.239916,325.415160,551.222110,77.206810,-194.529530,20.654329,-26.907618,0.000000,0.000000,0.000000,-5.409599,0.054741,29.461197,510.259310,947.609990,260.268680,-271.824620,6.330672,-3.289775,0.000000,0.000000,0.000000,-112.854190,68.157204,134.965470,3416.123800,4325.240200,5452.566400,2715.643300,-162.889680,1115.982700,0.000000,0.000000,0.000000,-1025.118300,3876.291700,4094.196000,10798.307000,16710.518000,21547.848000,11041.319000,155.354350,3665.276900,0.000000,0.000000,0.000000,-2527.741500,14333.005000,17286.906000,7880.054700,14141.477000,16808.301000,7768.007300,1002.749600,2969.055900,0.000000,0.000000,0.000000,-1247.215800,10250.572000,13749.614000,3136.760000,7496.247100,6806.178200,2434.908900,726.429080,893.318120,0.000000,0.000000,0.000000,33.154778,3383.142600,6388.773400,980.684200,1599.585600,1447.194300,293.464390,99.448563,100.288190,0.000000,0.000000,0.000000,22.958981,770.496220,1172.165900,370.926940,583.330690,655.499570,5.581175,106.341710,26.584581,0.000000,0.000000,0.000000,68.695251,315.502500,301.786770,242.038670,574.474550,523.397090,-122.462150,35.971321,48.615036,0.000000,0.000000,0.000000,-31.162355,181.566820,226.613360,175.787220,610.562380,650.263610,-100.238220,32.068649,-54.798714,0.000000,0.000000,0.000000,-19.637115,115.922500,339.634890,333.449830,713.723080,1221.232200,-193.036040,161.967350,-239.304870,0.000000,0.000000,0.000000,86.620323,104.056560,548.087770,427.463870,745.179630,1766.994800,-249.011490,75.065552,-91.667404,0.000000,0.000000,0.000000,78.354904,19.185734,728.960080,497.421810,886.455510,1286.915300,-438.833710,-84.553131,113.763240,0.000000,0.000000,0.000000,-57.800789,-100.968070,549.642270,443.306550,814.140140,1039.750600,-389.680910,76.523094,-154.503880,0.000000,0.000000,0.000000,-32.653435,-26.094225,422.628480,459.827480,858.789000,1229.960200,-419.311950,-36.789471,41.612381,0.000000,0.000000,0.000000,-41.803791,152.007260,380.107730,325.915800,654.728580,1081.043200,-263.280910,-57.071663,168.250400,0.000000,0.000000,0.000000,-69.371864,150.457550,412.661870,270.403530,630.137210,1070.174300,-201.703460,-1.877882,166.621840,0.000000,0.000000,0.000000,-48.523697,97.367798,468.659480,267.044070,688.408330,1375.601400,-175.449680,43.639915,229.258530,0.000000,0.000000,0.000000,2.297173,110.654100,546.610960,270.147610,773.099980,1435.466300,-211.232770,-6.156729,359.810700,0.000000,0.000000,0.000000,-51.225834,39.706177,498.663540,337.611300,747.709900,1244.974600,-273.471100,-70.797729,329.528690,0.000000,0.000000,0.000000,-22.688072,20.137682,427.842290,277.329560,565.238040,756.115910,-241.390840,4.144000,110.820620,0.000000,0.000000,0.000000,-7.918288,-94.374649,376.251770,171.546450,483.953130,1023.561300,-177.356980,8.382772,137.478790,0.000000,0.000000,0.000000,15.886386,-94.886917,440.226230,172.005000,468.882230,700.759340,-160.216190,-64.375557,169.086270,0.000000,0.000000,0.000000,-14.541296,-25.707592,334.002960,218.108670,502.280760,621.411680,-206.478850,-77.164581,170.371840,0.000000,0.000000,0.000000,-26.365627,71.279442,147.326720,219.529500,517.325260,606.280940,-216.030850,-69.847328,111.141630,0.000000,0.000000,0.000000,-13.116848,56.729424,137.356630,208.448140,507.921390,639.211550,-181.058840,-42.445679,70.521812,0.000000,0.000000,0.000000,-49.072041,-39.373447,317.212460,216.495830,583.205750,880.135740,-253.466290,-43.628193,-2.666951,0.000000,0.000000,0.000000,-42.590542,-174.862170,409.117400,188.904360,489.275120,980.314150,-241.556340,-6.454735,-27.044760,0.000000,0.000000,0.000000,7.848640,-184.254350,378.521730,147.509400,375.990360,658.296450,-170.687040,-32.767124,58.879677,0.000000,0.000000,0.000000,17.573715,-47.453690,218.618470,148.721450,421.532870,733.648800,-156.019170,20.826916,44.997375,0.000000,0.000000,0.000000,-11.869214,-38.216927,205.197590,92.235336,325.598020,704.171630,-88.788605,-2.725534,104.840440,0.000000,0.000000,0.000000,-16.094095,24.247889,116.744380,96.206078,308.045960,584.581050,-103.826040,-6.573340,95.622719,0.000000,0.000000,0.000000,-7.864707,-32.822990,160.978300,96.084457,253.519040,655.480830,-100.905590,-52.916824,142.853910,0.000000,0.000000,0.000000,-6.701688,-68.883400,210.747820,105.304620,189.812790,458.277770,-87.216461,-32.161324,57.731903,0.000000,0.000000,0.000000,-10.541566,-72.787735,127.736980,77.222687,183.207890,328.037570,-64.438210,-2.209329,39.343590,0.000000,0.000000,0.000000,-9.842176,-51.438583,113.491670,55.030937,191.016950,320.796360,-47.179008,-11.536418,82.545967,0.000000,0.000000,0.000000,-8.647161,-5.589654,106.482430,53.584492,153.122970,329.187870,-48.788513,-23.720379,102.713880,0.000000,0.000000,0.000000,-17.474241,5.122266,22.605732,43.115742,111.659170,229.390810,-36.153919,-8.902687,57.229763,0.000000,0.000000,0.000000,-14.293382,13.252622,7.960578,38.443771,93.352371,266.896390,-34.193722,11.457375,12.685479,0.000000,0.000000,0.000000,0.480829,-0.482693,41.629524,39.562363,131.219920,292.614260,-46.360233,0.665796,37.391914,0.000000,0.000000,0.000000,6.458123,-26.689137,44.988335,45.322224,121.263560,237.450090,-44.401390,-33.891666,78.031235,0.000000,0.000000,0.000000,-6.394276,-5.586638,45.813133,34.331131,65.857292,208.024480,-18.545528,-21.737560,62.675713,0.000000,0.000000,0.000000,-6.496975,6.637614,51.560169,43.855492,67.837349,201.203720,-36.250591,-6.051010,28.805326,0.000000,0.000000,0.000000,14.193077,-16.417173,38.938202,41.374264,94.352669,198.359180,-41.274067,-24.294029,38.073078,0.000000,0.000000,0.000000,1.356386,-18.389780,37.797852,31.161234,72.269821,165.307680,-31.071247,-16.202324,23.473448,0.000000,0.000000,0.000000,-3.627533,-9.321115,25.403870,35.657227,53.127346,144.424420,-28.113194,-14.888091,15.931133,0.000000,0.000000,0.000000,1.082152,-12.256277,18.979435,29.598497,54.333935,145.174100,-19.571505,-5.463148,31.741386,0.000000,0.000000,0.000000,-3.782904,6.605613,16.626181,29.091318,50.143234,139.420590,-14.996978,10.292171,31.817398,0.000000,0.000000,0.000000,-3.461235,3.854929,15.186041,31.026175,42.926346,130.801700,-13.065287,2.500025,27.228043,0.000000,0.000000,0.000000,-2.324967,5.450279,9.604795,26.361691,47.753883,119.960770,-17.759832,-1.555204,28.098507,0.000000,0.000000,0.000000,5.690953,1.656561,4.293903,23.906794,47.876293,141.279720,-21.776764,-9.153579,35.210545,0.000000,0.000000,0.000000,-0.068288,11.479859,-1.470066,22.570908,39.830452,140.661410,-19.193201,-12.324834,29.851631,0.000000,0.000000,0.000000,-1.487682,4.047102,3.814254,19.800936,31.534569,118.565850,-10.558297,-0.686789,19.746256,0.000000,0.000000,0.000000,-0.866310,4.306562,0.456619,18.444515,37.645653,115.698590,-9.620364,-0.890972,18.180258,0.000000,0.000000,0.000000,-2.764755,5.346659,-5.980725,18.174175,42.182575,87.780365,-11.205879,-1.208312,16.807840,0.000000,0.000000,0.000000,-2.677829,3.889593,-7.346292,17.439943,31.375137,79.529358,-11.937017,1.421024,9.359958,0.000000,0.000000,0.000000,-2.632721,-2.634651,0.822467,17.659723,32.748169,92.952827,-10.170738,-0.431850,20.433683,0.000000,0.000000,0.000000,-4.608244,-2.796857,12.173092,17.659653,37.719772,87.747444,-12.589905,1.889951,26.076351,0.000000,0.000000,0.000000,-2.796255,-9.823812,18.324940,18.311255,37.753075,75.335281,-16.069042,-2.958169,26.346828,0.000000,0.000000,0.000000,1.698884,-6.710852,11.101444,27.152302,43.399403,64.105370,-21.056255,-4.279759,22.729042,0.000000,0.000000,0.000000,2.157037,-0.123586,1.834750,21.901684,45.412312,66.062050,-14.963888,2.059201,13.117514,0.000000,0.000000,0.000000,2.439780,-1.381451,4.873235,28.767859,45.626923,62.069302,-17.425207,4.019730,12.796712,0.000000,0.000000,0.000000,0.827575,-11.620457,12.008165,26.813881,47.316315,66.625282,-15.152668,-0.284276,25.519413,0.000000,0.000000,0.000000,3.592968,-16.285236,18.260592,19.394478,37.214718,49.701244,-8.444698,-3.870076,18.019260,0.000000,0.000000,0.000000,2.153503,-5.183532,14.370705,20.994585,33.828487,47.375332,-7.846323,-4.504484,12.898415,0.000000,0.000000,0.000000,-3.912351,-2.559216,1.374578,18.092264,40.371376,50.284016,-10.651298,-4.398116,16.852032,0.000000,0.000000,0.000000,-6.027316,-4.424398,3.177786,13.924712,39.318668,49.198772,-9.821143,-4.056041,16.825041,0.000000,0.000000,0.000000,-2.796721,-3.498555,5.937055,10.891775,31.467007,43.824108,-7.536881,-1.334444,14.357668,0.000000,0.000000,0.000000,0.709756,-2.198622,4.880098,14.811926,24.310266,32.367962,-7.126841,2.873210,5.071582,0.000000,0.000000,0.000000,3.420319,-0.295959,4.618356,20.328569,27.967287,32.188202,-9.672696,3.890590,5.880942,0.000000,0.000000,0.000000,-1.932956,-3.585398,3.809977,12.876051,26.038893,30.308323,-5.864140,-0.322397,9.328988,0.000000,0.000000,0.000000,-1.573854,-1.211922,0.107225,13.240600,30.202919,29.848640,-6.508992,-4.103684,11.091583,0.000000,0.000000,0.000000,1.613782,0.538626,-1.150849,12.141915,23.626997,16.574196,-2.323430,-0.035937,8.269578,0.000000,0.000000,0.000000,-1.996788,0.795760,0.666915,11.362684,19.113214,17.109097,-2.734354,1.014238,3.499867,0.000000,0.000000,0.000000,-0.589262,-0.148541,0.544982,10.351024,12.689034,18.729208,-2.362401,-0.232662,3.101693,0.000000,0.000000,0.000000,0.212259,-2.089954,0.851901,13.995001,13.323166,23.810289,-5.089422,2.014112,3.346370,0.000000,0.000000,0.000000,-0.351017,-3.734236,-0.217455,9.215979,16.310623,17.963823,-1.925188,0.388968,3.610466,0.000000,0.000000,0.000000,-0.320737,-0.703377,-1.107726,7.052742,15.957343,16.270151,-2.643870,-1.071956,2.031970,0.000000,0.000000,0.000000,-0.239731,0.669015,0.285116,NaN,NaN,NaN,NaN,NaN,NaN,NaN,NaN,NaN,NaN,NaN,NaN,NaN,NaN,NaN,NaN,NaN,NaN,NaN,NaN,NaN,NaN,NaN,NaN,NaN,NaN,NaN,NaN,NaN,NaN,NaN,NaN,NaN,NaN,NaN,NaN,NaN,NaN,NaN,NaN,NaN,NaN,NaN,NaN,NaN,NaN,NaN,NaN,NaN,NaN,NaN,NaN,NaN,NaN,NaN,NaN,NaN,NaN,NaN,NaN,NaN,NaN,NaN,NaN,NaN,NaN,NaN,NaN,NaN,NaN,NaN,NaN,NaN,NaN,NaN,NaN,NaN,NaN,NaN,NaN,NaN,NaN,NaN,NaN,NaN,NaN,NaN,NaN,NaN,NaN,NaN,NaN,NaN,NaN,NaN,NaN,NaN,NaN,NaN,NaN,NaN,NaN,NaN,NaN,NaN,NaN,NaN,NaN,NaN,NaN,NaN,NaN,NaN,NaN,NaN,NaN,NaN,NaN,NaN,NaN,NaN,NaN,NaN,NaN,NaN,NaN,NaN,NaN,NaN,NaN,NaN,NaN,NaN,NaN,NaN,NaN,NaN,NaN,NaN,NaN,NaN,NaN,NaN,NaN,NaN,NaN,NaN,NaN,NaN,NaN,NaN,NaN,NaN,NaN,NaN,NaN,NaN,NaN,NaN,NaN,NaN,NaN,NaN,NaN,NaN,NaN,NaN,NaN,NaN,NaN,NaN,NaN,NaN,NaN,NaN,NaN,NaN,NaN,NaN,NaN,NaN,NaN,NaN,NaN,NaN,NaN,NaN,NaN,NaN,NaN,NaN,NaN,NaN,NaN,NaN,NaN,NaN,NaN,NaN,NaN,NaN,NaN,NaN,NaN,NaN,NaN,NaN,NaN,NaN,NaN,NaN,NaN,NaN,NaN,NaN,NaN,NaN,NaN,NaN,NaN,NaN,NaN,NaN,NaN,NaN,NaN,NaN,NaN,NaN,NaN,NaN,NaN,NaN,NaN,NaN,NaN,NaN,NaN,NaN,NaN,NaN,NaN,NaN,NaN,NaN,NaN,NaN,NaN,NaN,NaN,NaN,NaN,NaN,NaN,NaN,NaN,NaN,NaN,NaN,NaN,NaN,NaN,NaN,NaN,NaN,NaN,NaN,NaN,NaN,NaN,NaN,NaN,NaN,NaN,NaN,NaN,NaN,NaN,NaN,NaN,NaN,NaN,NaN,NaN,NaN,NaN,NaN,NaN,NaN,NaN,NaN,NaN,NaN,NaN,NaN,NaN,NaN,NaN,NaN,NaN,NaN,NaN,NaN,NaN,NaN,NaN,NaN,NaN,NaN,NaN,NaN,NaN,NaN,NaN,NaN,NaN,NaN,NaN,NaN,NaN,NaN,NaN,NaN,NaN,NaN,NaN,NaN,NaN,NaN,NaN,NaN,NaN,NaN,NaN,NaN,NaN,NaN,NaN,NaN,NaN,NaN,NaN,NaN,NaN,NaN,NaN,NaN,NaN,NaN,NaN,NaN,NaN,NaN,NaN,NaN,NaN,NaN,NaN,NaN,NaN,NaN,NaN,NaN,NaN,NaN,NaN,NaN,NaN,NaN,NaN,NaN,NaN,NaN,NaN,NaN,NaN,NaN,NaN,NaN,NaN,NaN,NaN,NaN,NaN,NaN,NaN,NaN,NaN,NaN,NaN,NaN,NaN,NaN,NaN,NaN,NaN,NaN,NaN,NaN,NaN,NaN,NaN,NaN,NaN,NaN,NaN,NaN,NaN,NaN,NaN,NaN,NaN,NaN,NaN,NaN,NaN,NaN,NaN,NaN,NaN,NaN,NaN,NaN,NaN,NaN,NaN,NaN,NaN,NaN,NaN,NaN,NaN,NaN,NaN,NaN,NaN,NaN,NaN,NaN,NaN,NaN,NaN,NaN,NaN,NaN,NaN,NaN,NaN,NaN,NaN,NaN,NaN,NaN,NaN,NaN,NaN,NaN,NaN,NaN,NaN,NaN,NaN,NaN,NaN,NaN,NaN,NaN,NaN,NaN,NaN,NaN,NaN,NaN,NaN,NaN,NaN,NaN,NaN,NaN,NaN,NaN,NaN,NaN,NaN,NaN,NaN,NaN,NaN,NaN,NaN,NaN,NaN,NaN,NaN,NaN,NaN,NaN,NaN,NaN,NaN,NaN,NaN,NaN,NaN,NaN,NaN,NaN,NaN,NaN,NaN,NaN,NaN,NaN,NaN,NaN,NaN,NaN,NaN,NaN,NaN,NaN,NaN,NaN,NaN,NaN,NaN,NaN,NaN,NaN,NaN,NaN,NaN,NaN,NaN,NaN,NaN,NaN,NaN,NaN,NaN,NaN,NaN,NaN,NaN,NaN,NaN,NaN,NaN,NaN,NaN,NaN,NaN,
SPECA,1385492142,1653332629.60,1653332731.60,33,NaN,NaN,NaN,NaN,NaN,NaN,NaN,NaN,NaN,NaN,NaN,NaN,NaN,NaN,NaN,NaN,NaN,NaN,NaN,NaN,NaN,NaN,NaN,NaN,NaN,NaN,NaN,NaN,NaN,NaN,NaN,NaN,NaN,NaN,NaN,NaN,52.462330,111.320850,12.114555,-18.345617,1.158774,-6.185920,0.000000,0.000000,0.000000,8.816499,1.933873,-4.020446,168.463440,388.029630,65.608246,-53.790825,-3.598219,3.590067,0.000000,0.000000,0.000000,17.958988,6.281446,14.576644,353.082120,559.797610,145.958850,-94.648911,1.547583,-0.713462,0.000000,0.000000,0.000000,-94.653946,31.403816,115.907140,2421.823200,4254.697800,4220.232900,1860.064200,596.144470,-26.854422,0.000000,0.000000,0.000000,335.103330,2643.902600,3605.590300,7324.034700,13757.182000,16011.943000,8032.403300,1530.060100,629.309140,0.000000,0.000000,0.000000,679.894100,10035.096000,13519.848000,6427.309100,15484.929000,15768.856000,7224.045900,497.848450,2887.910200,0.000000,0.000000,0.000000,-1317.496900,9148.877900,13666.650000,3055.606000,9781.407200,7967.619100,3369.717300,-326.315310,1898.852800,0.000000,0.000000,0.000000,-1458.955000,4130.743700,7752.002000,738.959900,2120.200200,1900.472400,510.358670,-127.498880,349.775970,0.000000,0.000000,0.000000,-350.862850,876.765010,1567.185300,301.469670,772.451230,776.505920,70.044762,-94.523903,18.221796,0.000000,0.000000,0.000000,-136.403020,277.471340,498.117280,219.529560,572.105160,448.781250,-54.073952,-50.928940,-12.467730,0.000000,0.000000,0.000000,-40.281395,155.375030,246.461460,260.345060,461.151760,697.183040,-144.129700,-11.312834,-62.536819,0.000000,0.000000,0.000000,0.247805,210.172300,113.561130,467.050570,462.381680,1050.065800,-252.707460,-49.654633,20.173788,0.000000,0.000000,0.000000,16.833496,379.228360,38.105873,605.139770,716.745910,728.728210,-450.513850,-106.046500,112.037220,0.000000,0.000000,0.000000,29.159897,175.836460,95.139648,566.345400,1063.913300,901.013120,-545.994200,-56.444092,60.113838,0.000000,0.000000,0.000000,66.005325,46.043358,247.624980,333.477080,928.990300,1091.575900,-346.365360,31.445225,-16.823898,0.000000,0.000000,0.000000,20.768139,96.163223,365.595250,302.480590,544.170900,949.586430,-178.213420,-59.956131,66.171288,0.000000,0.000000,0.000000,-64.021767,149.431030,318.242710,375.439300,704.312070,726.340210,-301.505580,-44.257885,96.326805,0.000000,0.000000,0.000000,-74.977966,134.316350,280.206480,461.011600,946.346620,854.879210,-440.119080,124.445900,-18.706518,0.000000,0.000000,0.000000,-15.728145,159.468930,286.038330,285.493650,688.707820,876.098080,-276.282960,18.849770,141.421630,0.000000,0.000000,0.000000,-105.576880,135.563000,201.215070,265.247100,483.397860,889.164920,-207.704900,-59.097073,96.674202,0.000000,0.000000,0.000000,-104.411950,59.254879,220.118130,261.835270,410.883730,1065.752300,-189.003910,-87.223022,194.193240,0.000000,0.000000,0.000000,-54.043549,-25.457560,319.301090,219.362960,361.867190,778.665590,-150.562810,-5.620204,88.371452,0.000000,0.000000,0.000000,-11.327321,-14.910872,250.566530,190.656600,437.735350,758.287110,-145.653140,74.341057,76.142906,0.000000,0.000000,0.000000,14.610091,-32.130646,267.873600,192.913020,507.684690,728.899170,-192.643170,-15.528080,125.743490,0.000000,0.000000,0.000000,-15.537424,-32.473137,248.615880,201.647110,423.258540,772.560490,-184.183460,-88.867661,137.788560,0.000000,0.000000,0.000000,-31.979509,-20.908934,244.725270,247.797160,455.498380,759.954040,-243.882490,2.285456,27.188486,0.000000,0.000000,0.000000,46.006145,-92.433472,231.210300,185.880770,439.079930,592.681880,-203.565260,39.164711,-10.195721,0.000000,0.000000,0.000000,15.907120,-45.876167,128.906650,193.196380,422.460210,749.019650,-185.781220,-15.977406,79.207573,0.000000,0.000000,0.000000,-21.667484,-28.069042,168.712220,152.706570,474.661900,882.532530,-171.350890,-77.215729,143.343700,0.000000,0.000000,0.000000,-36.164616,-81.146751,351.825410,145.724550,403.871400,613.066960,-163.748960,-52.923256,96.529243,0.000000,0.000000,0.000000,-18.546665,-45.873898,196.708510,114.417370,280.351960,593.809140,-121.255380,-22.538319,58.633858,0.000000,0.000000,0.000000,-14.889721,-0.569412,64.347717,118.112270,344.843960,608.467220,-140.750020,-57.171974,122.952160,0.000000,0.000000,0.000000,-34.531368,51.473362,19.084885,101.391070,337.652770,515.501590,-125.259450,-10.917324,57.178291,0.000000,0.000000,0.000000,-34.059914,-26.834768,163.190170,108.295330,279.961610,418.836330,-129.672940,-35.152927,58.139000,0.000000,0.000000,0.000000,-32.544872,10.927786,77.481224,120.062970,247.005190,359.721980,-122.956450,-20.069483,62.314320,0.000000,0.000000,0.000000,-10.937130,-3.880117,100.617530,88.413132,206.140200,350.720830,-82.076881,6.889009,60.030403,0.000000,0.000000,0.000000,-0.433297,-23.478024,103.939640,66.061134,132.087390,345.174620,-50.383633,-18.211155,60.034336,0.000000,0.000000,0.000000,-9.413383,-3.594661,80.262703,56.251968,107.481050,311.221370,-42.483337,3.821292,65.108185,0.000000,0.000000,0.000000,-9.957184,18.604746,38.414589,50.227470,120.179820,279.153840,-44.174309,0.569048,32.787815,0.000000,0.000000,0.000000,-0.985125,5.821837,32.057114,52.716988,152.925250,231.473050,-50.659134,-13.453935,45.274029,0.000000,0.000000,0.000000,1.534064,-9.290644,48.414299,43.235359,132.359270,244.888570,-41.168728,-6.692506,44.609207,0.000000,0.000000,0.000000,-2.662639,-1.768586,27.798450,31.264242,81.695656,168.953580,-22.145208,-0.129158,28.152706,0.000000,0.000000,0.000000,-8.438638,-6.458649,24.910595,31.079620,83.487656,180.285920,-22.381016,1.872482,55.299110,0.000000,0.000000,0.000000,-7.813237,16.119576,23.918570,41.874512,114.257020,159.606660,-39.958714,-14.887874,51.413956,0.000000,0.000000,0.000000,-11.472301,14.193786,18.555058,40.575382,85.513107,156.740740,-37.291023,-22.847902,29.495348,0.000000,0.000000,0.000000,-8.227228,-16.800367,38.425896,34.178047,83.991730,236.837400,-36.847435,-18.485582,32.806049,0.000000,0.000000,0.000000,-7.848470,-5.910140,41.883900,20.279217,61.129227,181.184050,-17.270967,-6.203502,26.683475,0.000000,0.000000,0.000000,-3.712757,13.114690,20.593231,18.014212,56.884968,98.705154,-11.870903,-0.586100,19.040102,0.000000,0.000000,0.000000,-2.198332,0.641110,18.674725,19.853842,50.422703,120.275200,-16.245949,4.251073,22.630667,0.000000,0.000000,0.000000,-1.006397,-10.352454,19.723579,22.132730,48.798141,115.214130,-19.056078,4.674322,11.245842,0.000000,0.000000,0.000000,-1.724091,-12.945491,20.420374,26.025314,55.313324,89.728973,-17.082834,5.037932,9.766689,0.000000,0.000000,0.000000,-1.734244,-0.166043,3.851200,26.046484,50.332291,94.940231,-17.089947,7.090166,18.290316,0.000000,0.000000,0.000000,-3.122895,10.525256,13.124960,19.332325,36.487747,108.574550,-8.856821,3.573755,26.526291,0.000000,0.000000,0.000000,-2.261791,-0.771374,13.415297,19.207605,39.875942,101.136920,-11.503600,7.078996,15.402925,0.000000,0.000000,0.000000,4.946999,-11.462482,17.496487,20.275110,48.324184,85.483894,-16.278728,4.071198,6.457400,0.000000,0.000000,0.000000,4.451385,-8.859958,15.715625,27.235250,50.347145,82.137581,-25.496662,-2.546767,14.982081,0.000000,0.000000,0.000000,4.072114,-0.475818,3.777315,28.921047,51.076344,67.849472,-27.547672,-4.777271,8.793618,0.000000,0.000000,0.000000,-0.354894,-4.640937,7.925624,23.520557,37.879993,59.438293,-14.721362,1.487934,1.791231,0.000000,0.000000,0.000000,-5.052357,1.961108,2.590182,21.338425,31.751768,68.027145,-11.436910,5.062612,10.045403,0.000000,0.000000,0.000000,-1.833290,2.135639,-2.612467,15.927268,23.572395,74.132362,-8.544593,6.111369,9.055119,0.000000,0.000000,0.000000,1.439837,2.181469,2.678163,16.091648,32.954590,66.351151,-12.139562,2.908282,6.466875,0.000000,0.000000,0.000000,-0.073505,-0.080092,9.463432,17.734121,24.502001,48.637619,-8.600318,-0.873298,2.783776,0.000000,0.000000,0.000000,-1.295476,1.745737,2.471721,17.871363,24.654974,44.922298,-5.021306,-1.981357,8.793494,0.000000,0.000000,0.000000,-0.920713,2.228251,0.013409,20.860500,38.295155,47.818783,-8.909196,-3.893605,16.319857,0.000000,0.000000,0.000000,-3.352539,4.984913,2.801637,18.700153,38.242451,46.149559,-11.173216,0.796151,14.460982,0.000000,0.000000,0.000000,-1.661021,-2.741412,8.912513,16.591774,29.183224,55.478916,-7.658791,4.472512,12.007771,0.000000,0.000000,0.000000,-4.384158,-2.263772,0.802625,14.774970,24.511829,41.243847,-3.765223,2.713511,7.010765,0.000000,0.000000,0.000000,-4.143363,0.145276,1.348579,16.303881,21.929781,31.692514,-4.404361,-0.024332,9.445821,0.000000,0.000000,0.000000,-5.388862,4.971788,0.354627,15.578233,29.433054,29.038717,-5.918114,-3.007172,10.471902,0.000000,0.000000,0.000000,-4.304516,1.774683,4.434941,14.845922,25.078667,34.442017,-5.209393,1.286174,7.915148,0.000000,0.000000,0.000000,-3.560610,0.981028,3.450017,14.340360,21.178860,33.920944,-2.638851,-0.882519,7.917566,0.000000,0.000000,0.000000,-0.308701,2.319229,-1.845580,15.445984,18.756426,33.014946,-3.289224,-5.345577,7.716887,0.000000,0.000000,0.000000,1.968081,0.532364,1.112826,12.832067,18.589214,27.122063,-2.322992,-3.424158,7.172944,0.000000,0.000000,0.000000,-1.048705,1.746090,-0.718149,9.205486,23.683659,23.452721,-5.412879,-2.764406,8.581284,0.000000,0.000000,0.000000,-0.254576,2.155151,-5.996068,8.776958,24.632530,31.663240,-5.769471,-1.667832,7.966930,0.000000,0.000000,0.000000,-2.722660,2.365795,3.318438,12.432122,19.417429,31.592844,-4.916313,-2.676341,7.785429,0.000000,0.000000,0.000000,-0.798691,-0.845911,3.784797,9.099839,11.925900,16.543333,-2.927332,0.256876,2.076906,0.000000,0.000000,0.000000,-0.198742,-1.542495,1.731739,7.920577,12.988350,21.181925,-4.267416,2.364897,1.339496,0.000000,0.000000,0.000000,0.747058,-1.286624,-0.723155,7.819157,12.262424,21.850363,-4.142056,-0.893049,1.308823,0.000000,0.000000,0.000000,-0.263074,0.138574,-2.780413,NaN,NaN,NaN,NaN,NaN,NaN,NaN,NaN,NaN,NaN,NaN,NaN,NaN,NaN,NaN,NaN,NaN,NaN,NaN,NaN,NaN,NaN,NaN,NaN,NaN,NaN,NaN,NaN,NaN,NaN,NaN,NaN,NaN,NaN,NaN,NaN,NaN,NaN,NaN,NaN,NaN,NaN,NaN,NaN,NaN,NaN,NaN,NaN,NaN,NaN,NaN,NaN,NaN,NaN,NaN,NaN,NaN,NaN,NaN,NaN,NaN,NaN,NaN,NaN,NaN,NaN,NaN,NaN,NaN,NaN,NaN,NaN,NaN,NaN,NaN,NaN,NaN,NaN,NaN,NaN,NaN,NaN,NaN,NaN,NaN,NaN,NaN,NaN,NaN,NaN,NaN,NaN,NaN,NaN,NaN,NaN,NaN,NaN,NaN,NaN,NaN,NaN,NaN,NaN,NaN,NaN,NaN,NaN,NaN,NaN,NaN,NaN,NaN,NaN,NaN,NaN,NaN,NaN,NaN,NaN,NaN,NaN,NaN,NaN,NaN,NaN,NaN,NaN,NaN,NaN,NaN,NaN,NaN,NaN,NaN,NaN,NaN,NaN,NaN,NaN,NaN,NaN,NaN,NaN,NaN,NaN,NaN,NaN,NaN,NaN,NaN,NaN,NaN,NaN,NaN,NaN,NaN,NaN,NaN,NaN,NaN,NaN,NaN,NaN,NaN,NaN,NaN,NaN,NaN,NaN,NaN,NaN,NaN,NaN,NaN,NaN,NaN,NaN,NaN,NaN,NaN,NaN,NaN,NaN,NaN,NaN,NaN,NaN,NaN,NaN,NaN,NaN,NaN,NaN,NaN,NaN,NaN,NaN,NaN,NaN,NaN,NaN,NaN,NaN,NaN,NaN,NaN,NaN,NaN,NaN,NaN,NaN,NaN,NaN,NaN,NaN,NaN,NaN,NaN,NaN,NaN,NaN,NaN,NaN,NaN,NaN,NaN,NaN,NaN,NaN,NaN,NaN,NaN,NaN,NaN,NaN,NaN,NaN,NaN,NaN,NaN,NaN,NaN,NaN,NaN,NaN,NaN,NaN,NaN,NaN,NaN,NaN,NaN,NaN,NaN,NaN,NaN,NaN,NaN,NaN,NaN,NaN,NaN,NaN,NaN,NaN,NaN,NaN,NaN,NaN,NaN,NaN,NaN,NaN,NaN,NaN,NaN,NaN,NaN,NaN,NaN,NaN,NaN,NaN,NaN,NaN,NaN,NaN,NaN,NaN,NaN,NaN,NaN,NaN,NaN,NaN,NaN,NaN,NaN,NaN,NaN,NaN,NaN,NaN,NaN,NaN,NaN,NaN,NaN,NaN,NaN,NaN,NaN,NaN,NaN,NaN,NaN,NaN,NaN,NaN,NaN,NaN,NaN,NaN,NaN,NaN,NaN,NaN,NaN,NaN,NaN,NaN,NaN,NaN,NaN,NaN,NaN,NaN,NaN,NaN,NaN,NaN,NaN,NaN,NaN,NaN,NaN,NaN,NaN,NaN,NaN,NaN,NaN,NaN,NaN,NaN,NaN,NaN,NaN,NaN,NaN,NaN,NaN,NaN,NaN,NaN,NaN,NaN,NaN,NaN,NaN,NaN,NaN,NaN,NaN,NaN,NaN,NaN,NaN,NaN,NaN,NaN,NaN,NaN,NaN,NaN,NaN,NaN,NaN,NaN,NaN,NaN,NaN,NaN,NaN,NaN,NaN,NaN,NaN,NaN,NaN,NaN,NaN,NaN,NaN,NaN,NaN,NaN,NaN,NaN,NaN,NaN,NaN,NaN,NaN,NaN,NaN,NaN,NaN,NaN,NaN,NaN,NaN,NaN,NaN,NaN,NaN,NaN,NaN,NaN,NaN,NaN,NaN,NaN,NaN,NaN,NaN,NaN,NaN,NaN,NaN,NaN,NaN,NaN,NaN,NaN,NaN,NaN,NaN,NaN,NaN,NaN,NaN,NaN,NaN,NaN,NaN,NaN,NaN,NaN,NaN,NaN,NaN,NaN,NaN,NaN,NaN,NaN,NaN,NaN,NaN,NaN,NaN,NaN,NaN,NaN,NaN,NaN,NaN,NaN,NaN,NaN,NaN,NaN,NaN,NaN,NaN,NaN,NaN,NaN,NaN,NaN,NaN,NaN,NaN,NaN,NaN,NaN,NaN,NaN,NaN,NaN,NaN,NaN,NaN,NaN,NaN,NaN,NaN,NaN,NaN,NaN,NaN,NaN,NaN,NaN,NaN,NaN,NaN,NaN,NaN,NaN,NaN,NaN,NaN,NaN,NaN,NaN,NaN,NaN,NaN,NaN,NaN,NaN,NaN,NaN,NaN,NaN,NaN,NaN,NaN,NaN,NaN,NaN,NaN,NaN,NaN,NaN,NaN,NaN,NaN,NaN,
SPECA,1387290269,1653334429.60,1653334531.60,33,NaN,NaN,NaN,NaN,NaN,NaN,NaN,NaN,NaN,NaN,NaN,NaN,NaN,NaN,NaN,NaN,NaN,NaN,NaN,NaN,NaN,NaN,NaN,NaN,NaN,NaN,NaN,NaN,NaN,NaN,NaN,NaN,NaN,NaN,NaN,NaN,111.029600,123.418330,30.260490,-33.261395,3.811920,-2.009353,0.000000,0.000000,0.000000,-25.809395,-3.889885,4.798512,260.073090,389.623320,85.214035,-40.355412,4.267556,-14.353201,0.000000,0.000000,0.000000,-10.010114,-22.197050,21.502499,413.084870,716.152650,304.660800,-104.692830,4.014910,-43.905598,0.000000,0.000000,0.000000,67.078712,102.375270,138.382490,2915.675800,6710.623000,5909.691400,3055.307900,210.782460,663.287410,0.000000,0.000000,0.000000,-169.683400,3600.979000,5509.447800,9775.604500,23738.902000,26070.986000,12686.657000,2261.875200,4660.690900,0.000000,0.000000,0.000000,-814.433720,14907.544000,22723.859000,9341.520500,24028.584000,26286.025000,11791.358000,2095.604500,6731.015600,0.000000,0.000000,0.000000,-1955.270600,14384.979000,22581.521000,3140.805200,8584.901400,8912.124000,3157.130400,171.715700,2299.407700,0.000000,0.000000,0.000000,-1203.409700,4316.391600,7696.671400,642.176090,1678.564700,1550.574700,384.087860,73.263611,211.878170,0.000000,0.000000,0.000000,-138.320980,678.895450,1289.838400,281.051300,681.279720,522.897030,70.066002,41.249538,103.337550,0.000000,0.000000,0.000000,-69.041229,236.746310,371.426420,166.973160,505.686950,356.657290,-65.826714,-7.565175,49.099167,0.000000,0.000000,0.000000,-44.247955,76.470932,215.219300,223.232070,524.238460,614.982540,-138.815370,56.099483,-59.588921,0.000000,0.000000,0.000000,51.166943,8.741722,342.324190,420.978450,837.126770,1011.545500,-298.270450,2.925866,80.683113,0.000000,0.000000,0.000000,82.295280,-57.301552,536.179570,607.579530,939.125670,1236.844200,-395.562590,-67.737152,68.880836,0.000000,0.000000,0.000000,-30.023731,152.107620,461.051820,522.215270,956.148740,1286.815200,-397.839750,-20.925980,-67.704391,0.000000,0.000000,0.000000,17.642838,59.637691,503.726170,573.916380,1346.186400,1599.366000,-580.922240,-74.431351,119.948020,0.000000,0.000000,0.000000,-27.617048,42.838665,702.540830,571.159000,1159.187400,1460.116300,-576.032040,-17.803913,194.081620,0.000000,0.000000,0.000000,-22.201944,119.281770,516.864440,433.073700,1078.960300,1262.593900,-452.290590,27.939594,151.098910,0.000000,0.000000,0.000000,-18.244869,66.133102,520.921570,369.017150,802.524780,1147.300900,-313.764680,-3.080118,238.865950,0.000000,0.000000,0.000000,-16.784630,-3.303725,546.106870,372.969540,721.803410,1241.794800,-300.770450,-82.904045,180.512300,0.000000,0.000000,0.000000,62.005230,4.125958,527.574100,298.337400,627.912050,1338.088300,-243.447270,-129.361620,239.907560,0.000000,0.000000,0.000000,-9.766483,-1.191939,445.315190,339.014310,787.463680,1268.992200,-316.815090,-31.737404,250.717580,0.000000,0.000000,0.000000,-14.332232,-25.947691,480.390870,315.802030,571.370790,721.235530,-279.172270,117.572060,15.052088,0.000000,0.000000,0.000000,60.413567,-109.366840,295.773680,287.365200,547.189510,660.403320,-213.697950,10.900669,151.122560,0.000000,0.000000,0.000000,-22.901489,-25.168596,268.025300,205.485750,500.549590,684.296940,-168.228960,29.107689,115.012730,0.000000,0.000000,0.000000,6.390491,48.215183,220.099260,185.115430,516.237790,698.456050,-207.478840,11.179699,126.694180,0.000000,0.000000,0.000000,-3.564566,67.529526,114.859430,188.002380,402.050420,583.191830,-171.333560,-60.489449,139.097900,0.000000,0.000000,0.000000,-12.216683,31.569530,160.249330,190.582700,353.443600,633.520810,-140.340770,-60.764633,122.774850,0.000000,0.000000,0.000000,-17.759521,90.633308,138.046710,182.548250,329.584010,595.641850,-112.470570,6.147079,91.085289,0.000000,0.000000,0.000000,-23.208002,90.299301,109.565310,188.814320,294.991580,492.803680,-115.052040,6.960366,55.471127,0.000000,0.000000,0.000000,-59.396023,26.348913,49.577789,119.587750,351.396000,778.621830,-111.072290,-2.409616,123.231320,0.000000,0.000000,0.000000,-29.677244,-15.225054,236.240510,120.665010,300.980130,674.727170,-85.917343,10.076275,93.560478,0.000000,0.000000,0.000000,-22.514999,32.744694,193.635500,120.499400,302.436400,476.699400,-92.120178,2.722155,67.582237,0.000000,0.000000,0.000000,-11.010990,39.944523,118.894710,119.497630,374.585270,491.889560,-117.553700,-52.305489,111.391100,0.000000,0.000000,0.000000,-8.262565,28.501362,167.005370,121.758030,319.185670,466.883060,-125.793910,-7.801934,96.232399,0.000000,0.000000,0.000000,16.738138,-31.581362,174.076200,111.284580,248.424000,336.980770,-105.487370,16.642235,74.550552,0.000000,0.000000,0.000000,24.628147,-74.504166,145.546200,129.750900,197.543140,251.766130,-98.331207,3.102596,53.059013,0.000000,0.000000,0.000000,1.830230,-8.840506,50.023552,93.358643,166.375350,278.270970,-76.781212,-19.765038,42.937885,0.000000,0.000000,0.000000,-4.205915,29.923901,0.119067,68.601654,163.807040,242.930600,-59.830593,17.348921,7.829267,0.000000,0.000000,0.000000,10.220560,20.735287,28.531706,80.185516,191.720250,260.020900,-76.950195,-6.316985,62.633812,0.000000,0.000000,0.000000,-5.299034,44.713932,11.159826,63.814396,148.084670,220.715970,-59.788513,-5.666244,59.418053,0.000000,0.000000,0.000000,-2.092514,28.611982,17.025593,63.737354,122.774270,240.611880,-53.687092,5.388362,38.828712,0.000000,0.000000,0.000000,-10.163090,32.123428,7.776836,60.522842,106.421390,249.200230,-46.504570,11.899247,5.774237,0.000000,0.000000,0.000000,-11.944329,14.306607,27.753853,56.897892,108.461990,262.703090,-41.734520,16.358871,28.980404,0.000000,0.000000,0.000000,-2.488201,30.810951,35.571815,35.303997,63.092720,231.032210,-18.930578,13.894396,40.270969,0.000000,0.000000,0.000000,0.797162,19.859871,31.508085,32.374229,59.140423,157.840710,-18.206749,-3.411388,40.412815,0.000000,0.000000,0.000000,-2.319818,-0.212362,20.868443,33.514629,81.787529,104.563730,-27.834047,4.636902,23.774670,0.000000,0.000000,0.000000,-7.804811,-2.997812,27.778400,22.233408,57.867573,175.269910,-14.028629,12.405966,26.413235,0.000000,0.000000,0.000000,-4.540711,14.610824,18.773556,21.719452,51.859901,144.037660,-14.964504,9.879156,16.089285,0.000000,0.000000,0.000000,3.101355,11.904006,13.633188,28.172083,61.327492,145.223910,-23.814146,10.449257,26.366364,0.000000,0.000000,0.000000,3.200847,5.746389,20.623819,30.613272,74.838982,172.855120,-21.231665,2.041260,48.543816,0.000000,0.000000,0.000000,-3.158778,12.756044,24.893505,28.401758,63.380764,162.294620,-17.635702,-3.017331,51.003986,0.000000,0.000000,0.000000,0.979500,2.233858,37.338406,20.691515,51.734955,89.791298,-17.032913,-1.971626,23.859053,0.000000,0.000000,0.000000,-2.613561,3.373047,15.746621,14.834711,48.103783,90.804642,-9.657040,-0.920528,16.975346,0.000000,0.000000,0.000000,-3.098327,3.405597,16.954582,13.177244,39.357338,85.242714,-8.702663,3.574638,7.999751,0.000000,0.000000,0.000000,-1.588573,-3.821263,24.508415,14.443048,34.662521,83.267082,-9.461660,0.653912,13.110581,0.000000,0.000000,0.000000,-3.501710,2.347025,11.203450,19.400297,30.961208,63.358074,-12.010503,2.101528,8.421770,0.000000,0.000000,0.000000,-8.267067,3.843407,7.219247,18.855471,29.145403,59.397892,-12.362270,1.082578,6.760309,0.000000,0.000000,0.000000,-2.422758,2.124572,7.706921,14.845959,36.222778,70.706276,-9.400293,2.803193,10.295942,0.000000,0.000000,0.000000,1.673247,3.038593,14.648569,23.004057,41.906822,70.743118,-10.611431,8.686480,16.855190,0.000000,0.000000,0.000000,-3.937948,1.373480,13.344820,14.298468,32.696316,57.941895,-6.928951,1.493314,16.106236,0.000000,0.000000,0.000000,-4.571084,1.487897,4.394663,14.752300,29.831041,52.926651,-10.792787,-4.916695,15.765720,0.000000,0.000000,0.000000,-1.967986,6.786726,-7.356605,17.975515,33.036659,64.209297,-8.068037,-0.382281,10.882255,0.000000,0.000000,0.000000,1.012334,5.600832,5.812099,18.684227,33.571136,55.393475,-6.828480,7.061818,10.934477,0.000000,0.000000,0.000000,-1.828032,7.862700,9.983514,16.424007,35.942043,36.127052,-8.522515,2.274981,9.185201,0.000000,0.000000,0.000000,-8.221952,4.097843,6.612125,14.631296,31.307102,35.641270,-7.197149,2.012325,4.495951,0.000000,0.000000,0.000000,-2.994617,-2.092160,6.982739,15.130033,28.125511,46.119392,-8.390139,-3.013158,5.987470,0.000000,0.000000,0.000000,0.089340,-0.201666,5.657516,11.003150,19.641745,41.101219,-5.342719,-1.151468,-0.289612,0.000000,0.000000,0.000000,-2.138777,1.830775,-1.432819,9.292153,17.623877,34.221943,-5.402997,-0.293815,2.303698,0.000000,0.000000,0.000000,-1.236574,-2.843703,2.148023,13.829260,17.048868,30.450121,-5.603068,1.181942,6.614455,0.000000,0.000000,0.000000,-1.518725,-0.388760,0.855302,14.558851,21.348448,29.762913,-6.211862,0.848488,11.862394,0.000000,0.000000,0.000000,-3.610502,6.710422,-3.922014,14.930950,25.149500,23.964396,-6.083542,0.392617,11.650455,0.000000,0.000000,0.000000,-2.770272,7.178402,-4.069525,13.110682,21.824993,18.580328,-2.587720,-1.344480,7.745445,0.000000,0.000000,0.000000,-4.021651,2.796400,-0.666883,15.481819,18.516493,17.009438,-4.438255,2.005174,1.877422,0.000000,0.000000,0.000000,-1.832506,-0.528317,0.142268,13.486005,14.081874,21.202063,-3.518531,1.872232,-0.294482,0.000000,0.000000,0.000000,-0.557815,0.198740,-2.480551,10.312000,13.769569,17.068665,-4.223775,-0.705478,-1.912970,0.000000,0.000000,0.000000,-1.590047,1.771999,-0.249664,11.298133,15.941848,16.610874,-2.100852,1.571209,1.944031,0.000000,0.000000,0.000000,-0.357166,2.944935,1.140294,9.056915,12.942027,15.263620,-2.421038,0.868324,1.775651,0.000000,0.000000,0.000000,0.807622,2.021560,0.072382,9.479011,14.991042,12.141468,-3.224254,0.310644,1.457118,0.000000,0.000000,0.000000,-1.802049,1.864485,1.711751,8.920204,13.752767,17.980682,-2.446936,2.063255,0.726451,0.000000,0.000000,0.000000,-0.080359,1.468204,4.191599,NaN,NaN,NaN,NaN,NaN,NaN,NaN,NaN,NaN,NaN,NaN,NaN,NaN,NaN,NaN,NaN,NaN,NaN,NaN,NaN,NaN,NaN,NaN,NaN,NaN,NaN,NaN,NaN,NaN,NaN,NaN,NaN,NaN,NaN,NaN,NaN,NaN,NaN,NaN,NaN,NaN,NaN,NaN,NaN,NaN,NaN,NaN,NaN,NaN,NaN,NaN,NaN,NaN,NaN,NaN,NaN,NaN,NaN,NaN,NaN,NaN,NaN,NaN,NaN,NaN,NaN,NaN,NaN,NaN,NaN,NaN,NaN,NaN,NaN,NaN,NaN,NaN,NaN,NaN,NaN,NaN,NaN,NaN,NaN,NaN,NaN,NaN,NaN,NaN,NaN,NaN,NaN,NaN,NaN,NaN,NaN,NaN,NaN,NaN,NaN,NaN,NaN,NaN,NaN,NaN,NaN,NaN,NaN,NaN,NaN,NaN,NaN,NaN,NaN,NaN,NaN,NaN,NaN,NaN,NaN,NaN,NaN,NaN,NaN,NaN,NaN,NaN,NaN,NaN,NaN,NaN,NaN,NaN,NaN,NaN,NaN,NaN,NaN,NaN,NaN,NaN,NaN,NaN,NaN,NaN,NaN,NaN,NaN,NaN,NaN,NaN,NaN,NaN,NaN,NaN,NaN,NaN,NaN,NaN,NaN,NaN,NaN,NaN,NaN,NaN,NaN,NaN,NaN,NaN,NaN,NaN,NaN,NaN,NaN,NaN,NaN,NaN,NaN,NaN,NaN,NaN,NaN,NaN,NaN,NaN,NaN,NaN,NaN,NaN,NaN,NaN,NaN,NaN,NaN,NaN,NaN,NaN,NaN,NaN,NaN,NaN,NaN,NaN,NaN,NaN,NaN,NaN,NaN,NaN,NaN,NaN,NaN,NaN,NaN,NaN,NaN,NaN,NaN,NaN,NaN,NaN,NaN,NaN,NaN,NaN,NaN,NaN,NaN,NaN,NaN,NaN,NaN,NaN,NaN,NaN,NaN,NaN,NaN,NaN,NaN,NaN,NaN,NaN,NaN,NaN,NaN,NaN,NaN,NaN,NaN,NaN,NaN,NaN,NaN,NaN,NaN,NaN,NaN,NaN,NaN,NaN,NaN,NaN,NaN,NaN,NaN,NaN,NaN,NaN,NaN,NaN,NaN,NaN,NaN,NaN,NaN,NaN,NaN,NaN,NaN,NaN,NaN,NaN,NaN,NaN,NaN,NaN,NaN,NaN,NaN,NaN,NaN,NaN,NaN,NaN,NaN,NaN,NaN,NaN,NaN,NaN,NaN,NaN,NaN,NaN,NaN,NaN,NaN,NaN,NaN,NaN,NaN,NaN,NaN,NaN,NaN,NaN,NaN,NaN,NaN,NaN,NaN,NaN,NaN,NaN,NaN,NaN,NaN,NaN,NaN,NaN,NaN,NaN,NaN,NaN,NaN,NaN,NaN,NaN,NaN,NaN,NaN,NaN,NaN,NaN,NaN,NaN,NaN,NaN,NaN,NaN,NaN,NaN,NaN,NaN,NaN,NaN,NaN,NaN,NaN,NaN,NaN,NaN,NaN,NaN,NaN,NaN,NaN,NaN,NaN,NaN,NaN,NaN,NaN,NaN,NaN,NaN,NaN,NaN,NaN,NaN,NaN,NaN,NaN,NaN,NaN,NaN,NaN,NaN,NaN,NaN,NaN,NaN,NaN,NaN,NaN,NaN,NaN,NaN,NaN,NaN,NaN,NaN,NaN,NaN,NaN,NaN,NaN,NaN,NaN,NaN,NaN,NaN,NaN,NaN,NaN,NaN,NaN,NaN,NaN,NaN,NaN,NaN,NaN,NaN,NaN,NaN,NaN,NaN,NaN,NaN,NaN,NaN,NaN,NaN,NaN,NaN,NaN,NaN,NaN,NaN,NaN,NaN,NaN,NaN,NaN,NaN,NaN,NaN,NaN,NaN,NaN,NaN,NaN,NaN,NaN,NaN,NaN,NaN,NaN,NaN,NaN,NaN,NaN,NaN,NaN,NaN,NaN,NaN,NaN,NaN,NaN,NaN,NaN,NaN,NaN,NaN,NaN,NaN,NaN,NaN,NaN,NaN,NaN,NaN,NaN,NaN,NaN,NaN,NaN,NaN,NaN,NaN,NaN,NaN,NaN,NaN,NaN,NaN,NaN,NaN,NaN,NaN,NaN,NaN,NaN,NaN,NaN,NaN,NaN,NaN,NaN,NaN,NaN,NaN,NaN,NaN,NaN,NaN,NaN,NaN,NaN,NaN,NaN,NaN,NaN,NaN,NaN,NaN,NaN,NaN,NaN,NaN,NaN,NaN,NaN,NaN,NaN,NaN,NaN,NaN,NaN,NaN,NaN,NaN,NaN,NaN,NaN,NaN,NaN,NaN,NaN,
SPECA,1389088491,1653336229.60,1653336331.60,33,NaN,NaN,NaN,NaN,NaN,NaN,NaN,NaN,NaN,NaN,NaN,NaN,NaN,NaN,NaN,NaN,NaN,NaN,NaN,NaN,NaN,NaN,NaN,NaN,NaN,NaN,NaN,NaN,NaN,NaN,NaN,NaN,NaN,NaN,NaN,NaN,60.651272,208.643160,33.307602,2.174727,-4.114181,-11.212278,0.000000,0.000000,0.000000,-5.519730,-1.004070,-6.480264,202.688570,643.427800,93.039108,-39.436760,-4.410657,-2.908562,0.000000,0.000000,0.000000,89.134621,-10.926991,1.441844,515.417360,1165.197000,410.069400,-113.847760,11.027214,128.075650,0.000000,0.000000,0.000000,58.130650,173.059680,278.410550,2954.230200,5295.337900,5011.016100,2737.505400,274.929960,1159.954000,0.000000,0.000000,0.000000,-631.325810,3433.449500,4351.027300,9300.548800,16098.236000,20891.871000,9722.951200,1067.706700,4404.282200,0.000000,0.000000,0.000000,-2280.364000,13091.619000,16407.861000,7865.861800,15339.332000,17938.000000,7578.905300,1789.001200,4128.188000,0.000000,0.000000,0.000000,-1118.872800,10529.107000,14398.954000,2660.620600,7950.990700,6585.098100,2498.019000,608.428710,1516.120500,0.000000,0.000000,0.000000,-272.304780,3237.307600,6161.647000,709.059630,2076.435500,1612.741500,538.504150,143.440570,70.711365,0.000000,0.000000,0.000000,9.139471,810.833860,1408.831500,328.776980,761.540220,548.785580,-45.466362,51.862392,-14.594734,0.000000,0.000000,0.000000,-11.719959,274.062560,257.976870,207.790880,559.287050,489.212520,-129.077650,57.323589,4.064791,0.000000,0.000000,0.000000,26.319380,134.167740,178.347600,160.370010,376.677860,574.840210,-92.484024,-10.096655,12.730903,0.000000,0.000000,0.000000,-26.243137,26.116280,256.229980,254.487370,458.680480,919.530400,-211.701520,-102.674160,166.873690,0.000000,0.000000,0.000000,-89.540817,74.755470,153.867100,430.377620,831.876590,1646.042400,-391.815310,-118.889120,161.200230,0.000000,0.000000,0.000000,-12.181192,88.164795,336.885560,624.999510,1319.797200,2027.230700,-629.143190,-171.952270,302.941530,0.000000,0.000000,0.000000,-41.164528,-64.887611,789.677730,484.407710,816.659730,1721.749500,-417.300480,-0.848385,59.409370,0.000000,0.000000,0.000000,-45.988556,114.047220,475.859770,370.618320,763.332280,1474.427500,-351.119260,18.403603,78.668449,0.000000,0.000000,0.000000,-7.686449,128.694870,459.759190,318.357030,682.878780,1092.526000,-299.084840,-31.194069,111.044530,0.000000,0.000000,0.000000,-6.985750,134.201460,333.723660,376.455600,539.993470,1004.556000,-253.598790,-117.345060,158.089570,0.000000,0.000000,0.000000,-79.189690,332.026490,43.314453,403.440220,584.842100,1015.959600,-247.808150,103.285670,-22.856426,0.000000,0.000000,0.000000,-23.492739,162.556780,224.734240,433.179110,716.177980,1191.456900,-352.842530,22.727503,-28.664080,0.000000,0.000000,0.000000,-38.445755,3.824396,313.934270,401.478610,704.738650,1226.373200,-366.609100,-128.863370,194.611240,0.000000,0.000000,0.000000,-67.647064,-57.010521,270.685820,224.688320,470.276150,1119.564300,-161.361620,-92.427116,167.446490,0.000000,0.000000,0.000000,-23.739969,-20.905207,168.292560,171.046630,445.256900,861.825620,-156.763780,-42.425293,193.088990,0.000000,0.000000,0.000000,11.980547,-19.510181,220.424440,164.015240,540.642090,1019.218800,-151.215610,29.122591,263.869380,0.000000,0.000000,0.000000,23.056662,-64.870529,393.390870,177.966630,435.657710,866.508790,-133.801090,31.701904,158.549710,0.000000,0.000000,0.000000,18.359428,6.308989,286.352970,157.401350,279.246060,843.428040,-89.716911,2.799261,90.001350,0.000000,0.000000,0.000000,20.387510,3.418120,192.382100,156.499220,310.851140,965.031190,-119.764380,57.376980,47.097950,0.000000,0.000000,0.000000,14.915962,5.529853,196.441240,208.592350,468.157500,848.051210,-216.378220,-25.824993,92.359642,0.000000,0.000000,0.000000,4.652734,-14.375776,204.078260,211.545850,395.665650,750.197880,-181.984800,-69.301361,129.092610,0.000000,0.000000,0.000000,-25.352129,-20.130287,231.751210,194.632890,353.953520,697.888370,-164.531680,-77.013451,56.594490,0.000000,0.000000,0.000000,-7.122663,-3.501400,171.612430,164.235260,290.416020,502.489930,-147.394870,-26.631907,17.072430,0.000000,0.000000,0.000000,19.267246,20.108072,85.961823,165.888810,313.426450,513.372680,-161.277980,20.250778,45.861904,0.000000,0.000000,0.000000,38.491978,33.781757,49.099705,134.585950,266.706330,621.575380,-107.221610,7.961759,65.217422,0.000000,0.000000,0.000000,20.491135,45.613029,96.695740,101.466120,207.136230,597.263730,-91.975998,-52.041050,143.501310,0.000000,0.000000,0.000000,3.606145,-26.342829,148.535340,89.508263,238.735670,465.106480,-92.294022,-20.470049,142.744580,0.000000,0.000000,0.000000,-3.823752,-33.776844,141.225940,99.328522,241.221920,428.509580,-85.675079,-3.016533,110.625690,0.000000,0.000000,0.000000,-24.929108,-9.715878,156.402280,65.396057,235.927430,303.436710,-70.170181,-4.663813,94.463867,0.000000,0.000000,0.000000,0.206225,-12.250938,86.810341,51.464516,223.383160,260.118740,-69.727509,1.410140,60.699280,0.000000,0.000000,0.000000,3.472982,-8.540414,70.992599,51.080906,161.146480,280.154140,-54.086792,14.438720,62.852905,0.000000,0.000000,0.000000,-3.534962,2.465540,64.781616,51.724468,110.783310,280.900630,-40.385902,17.587553,49.622055,0.000000,0.000000,0.000000,13.304726,-17.482328,58.173668,54.211456,120.304580,232.092670,-43.387352,-17.116018,63.647110,0.000000,0.000000,0.000000,-0.744904,-19.973913,57.037445,47.143185,135.079210,190.933690,-47.541668,-23.125072,55.242397,0.000000,0.000000,0.000000,-14.390566,0.121394,54.465164,35.479404,91.173439,187.825760,-29.192358,-2.974091,19.111374,0.000000,0.000000,0.000000,-4.110878,-3.147637,40.946335,34.065693,64.403702,214.553850,-20.252171,-2.126344,32.025780,0.000000,0.000000,0.000000,6.422975,-9.602272,41.147369,24.924219,78.556412,242.519880,-28.138546,0.836236,28.400448,0.000000,0.000000,0.000000,9.339847,-26.967741,48.873455,20.832478,65.750641,215.528460,-25.967068,-12.932480,36.528358,0.000000,0.000000,0.000000,-1.056827,-16.842049,31.146175,23.670996,52.311237,206.900630,-25.109144,-6.482093,31.789660,0.000000,0.000000,0.000000,-4.765791,-5.414122,10.385098,20.516474,37.452621,171.191010,-16.326235,2.336779,11.702967,0.000000,0.000000,0.000000,-0.973272,2.414842,11.076370,14.696681,40.845634,152.250640,-9.259495,6.215645,27.784721,0.000000,0.000000,0.000000,0.093777,5.233521,22.714211,20.035656,54.755043,125.123770,-17.018042,4.477276,29.043655,0.000000,0.000000,0.000000,1.234514,0.777009,30.455740,27.066847,64.505569,131.712970,-26.556803,-0.243398,29.615261,0.000000,0.000000,0.000000,-3.240447,-3.215215,33.789207,25.450048,44.404793,108.202180,-20.903471,3.201314,17.131872,0.000000,0.000000,0.000000,-6.572881,0.670496,16.845505,17.474258,29.994171,77.859734,-12.480743,6.857406,5.739608,0.000000,0.000000,0.000000,-2.909091,3.604668,7.866462,14.080824,34.035324,66.550377,-10.155754,2.881842,10.453290,0.000000,0.000000,0.000000,0.473188,-0.619711,9.491259,17.395958,37.302479,61.527271,-16.179737,2.600341,3.063715,0.000000,0.000000,0.000000,0.105127,0.711503,9.527715,13.431639,35.127762,60.881397,-14.096369,-0.670331,11.257747,0.000000,0.000000,0.000000,-1.925146,5.960326,0.044654,15.689152,35.287090,64.800804,-11.666649,1.513064,15.119188,0.000000,0.000000,0.000000,-1.991411,-0.409595,4.909219,16.523935,36.415592,57.439835,-7.961287,-0.791622,18.173885,0.000000,0.000000,0.000000,-2.804311,1.747893,5.128613,14.043658,31.536570,76.863632,-7.646590,-0.670029,21.409441,0.000000,0.000000,0.000000,-4.803185,3.996924,6.237701,17.062923,35.956768,66.110405,-14.943481,-4.319704,17.960981,0.000000,0.000000,0.000000,-4.724651,4.445239,1.004333,14.335965,38.181576,57.927746,-12.619559,-8.295306,24.501152,0.000000,0.000000,0.000000,-2.347079,2.869781,4.339854,16.392775,39.666843,68.834167,-13.773988,-10.323032,25.265377,0.000000,0.000000,0.000000,0.575851,0.248349,10.374072,17.324959,23.384563,51.420708,-8.013594,-5.048169,15.643505,0.000000,0.000000,0.000000,1.839603,-5.291407,5.805036,14.580582,27.434570,54.468449,-6.551451,1.584769,18.765186,0.000000,0.000000,0.000000,-1.660394,0.534222,5.820286,18.423470,35.145084,47.022842,-11.353830,2.186471,17.465345,0.000000,0.000000,0.000000,-1.194318,1.416144,9.847875,16.929417,26.365063,29.925426,-10.514029,-0.104946,6.842173,0.000000,0.000000,0.000000,1.071332,1.009495,3.224012,14.240055,20.622965,25.047176,-9.149314,-1.547886,3.570833,0.000000,0.000000,0.000000,0.164636,1.819484,1.107623,15.362866,25.530457,24.128256,-10.358079,-1.609223,4.092243,0.000000,0.000000,0.000000,-0.895480,0.041818,8.536220,21.723547,30.146767,34.348728,-15.172997,-6.848360,11.110047,0.000000,0.000000,0.000000,-5.804697,1.985096,6.849314,15.978946,28.712481,33.654743,-8.444933,-3.994634,5.175612,0.000000,0.000000,0.000000,-4.686060,3.850098,3.189862,12.235435,24.551495,27.725962,-1.183306,0.038273,0.793479,0.000000,0.000000,0.000000,1.923995,3.659883,2.379272,13.059115,22.731739,22.562546,-3.747996,0.352478,2.566477,0.000000,0.000000,0.000000,-1.188659,3.825357,1.018551,12.692923,15.927351,24.169979,-5.430859,-0.830007,2.133628,0.000000,0.000000,0.000000,-1.260610,2.561008,4.040688,9.950943,16.459572,20.111311,-3.659854,-0.362604,4.139041,0.000000,0.000000,0.000000,0.344769,0.476294,2.677924,10.402166,17.893887,23.478117,-2.812753,2.396494,6.578164,0.000000,0.000000,0.000000,2.756083,-2.916832,1.910077,11.131194,14.629196,22.786135,-2.860945,2.000666,5.144359,0.000000,0.000000,0.000000,-0.361729,-3.207327,1.386776,9.816404,16.914722,19.607807,-2.884403,1.120097,3.904869,0.000000,0.000000,0.000000,-2.300181,-0.251967,5.070508,9.454550,13.772696,20.671799,-3.744517,-0.594769,4.920427,0.000000,0.000000,0.000000,-1.927239,-0.724008,5.930336,9.309063,10.157861,15.520288,-4.336060,-1.344063,4.657644,0.000000,0.000000,0.000000,-2.018591,-2.060500,2.973402,NaN,NaN,NaN,NaN,NaN,NaN,NaN,NaN,NaN,NaN,NaN,NaN,NaN,NaN,NaN,NaN,NaN,NaN,NaN,NaN,NaN,NaN,NaN,NaN,NaN,NaN,NaN,NaN,NaN,NaN,NaN,NaN,NaN,NaN,NaN,NaN,NaN,NaN,NaN,NaN,NaN,NaN,NaN,NaN,NaN,NaN,NaN,NaN,NaN,NaN,NaN,NaN,NaN,NaN,NaN,NaN,NaN,NaN,NaN,NaN,NaN,NaN,NaN,NaN,NaN,NaN,NaN,NaN,NaN,NaN,NaN,NaN,NaN,NaN,NaN,NaN,NaN,NaN,NaN,NaN,NaN,NaN,NaN,NaN,NaN,NaN,NaN,NaN,NaN,NaN,NaN,NaN,NaN,NaN,NaN,NaN,NaN,NaN,NaN,NaN,NaN,NaN,NaN,NaN,NaN,NaN,NaN,NaN,NaN,NaN,NaN,NaN,NaN,NaN,NaN,NaN,NaN,NaN,NaN,NaN,NaN,NaN,NaN,NaN,NaN,NaN,NaN,NaN,NaN,NaN,NaN,NaN,NaN,NaN,NaN,NaN,NaN,NaN,NaN,NaN,NaN,NaN,NaN,NaN,NaN,NaN,NaN,NaN,NaN,NaN,NaN,NaN,NaN,NaN,NaN,NaN,NaN,NaN,NaN,NaN,NaN,NaN,NaN,NaN,NaN,NaN,NaN,NaN,NaN,NaN,NaN,NaN,NaN,NaN,NaN,NaN,NaN,NaN,NaN,NaN,NaN,NaN,NaN,NaN,NaN,NaN,NaN,NaN,NaN,NaN,NaN,NaN,NaN,NaN,NaN,NaN,NaN,NaN,NaN,NaN,NaN,NaN,NaN,NaN,NaN,NaN,NaN,NaN,NaN,NaN,NaN,NaN,NaN,NaN,NaN,NaN,NaN,NaN,NaN,NaN,NaN,NaN,NaN,NaN,NaN,NaN,NaN,NaN,NaN,NaN,NaN,NaN,NaN,NaN,NaN,NaN,NaN,NaN,NaN,NaN,NaN,NaN,NaN,NaN,NaN,NaN,NaN,NaN,NaN,NaN,NaN,NaN,NaN,NaN,NaN,NaN,NaN,NaN,NaN,NaN,NaN,NaN,NaN,NaN,NaN,NaN,NaN,NaN,NaN,NaN,NaN,NaN,NaN,NaN,NaN,NaN,NaN,NaN,NaN,NaN,NaN,NaN,NaN,NaN,NaN,NaN,NaN,NaN,NaN,NaN,NaN,NaN,NaN,NaN,NaN,NaN,NaN,NaN,NaN,NaN,NaN,NaN,NaN,NaN,NaN,NaN,NaN,NaN,NaN,NaN,NaN,NaN,NaN,NaN,NaN,NaN,NaN,NaN,NaN,NaN,NaN,NaN,NaN,NaN,NaN,NaN,NaN,NaN,NaN,NaN,NaN,NaN,NaN,NaN,NaN,NaN,NaN,NaN,NaN,NaN,NaN,NaN,NaN,NaN,NaN,NaN,NaN,NaN,NaN,NaN,NaN,NaN,NaN,NaN,NaN,NaN,NaN,NaN,NaN,NaN,NaN,NaN,NaN,NaN,NaN,NaN,NaN,NaN,NaN,NaN,NaN,NaN,NaN,NaN,NaN,NaN,NaN,NaN,NaN,NaN,NaN,NaN,NaN,NaN,NaN,NaN,NaN,NaN,NaN,NaN,NaN,NaN,NaN,NaN,NaN,NaN,NaN,NaN,NaN,NaN,NaN,NaN,NaN,NaN,NaN,NaN,NaN,NaN,NaN,NaN,NaN,NaN,NaN,NaN,NaN,NaN,NaN,NaN,NaN,NaN,NaN,NaN,NaN,NaN,NaN,NaN,NaN,NaN,NaN,NaN,NaN,NaN,NaN,NaN,NaN,NaN,NaN,NaN,NaN,NaN,NaN,NaN,NaN,NaN,NaN,NaN,NaN,NaN,NaN,NaN,NaN,NaN,NaN,NaN,NaN,NaN,NaN,NaN,NaN,NaN,NaN,NaN,NaN,NaN,NaN,NaN,NaN,NaN,NaN,NaN,NaN,NaN,NaN,NaN,NaN,NaN,NaN,NaN,NaN,NaN,NaN,NaN,NaN,NaN,NaN,NaN,NaN,NaN,NaN,NaN,NaN,NaN,NaN,NaN,NaN,NaN,NaN,NaN,NaN,NaN,NaN,NaN,NaN,NaN,NaN,NaN,NaN,NaN,NaN,NaN,NaN,NaN,NaN,NaN,NaN,NaN,NaN,NaN,NaN,NaN,NaN,NaN,NaN,NaN,NaN,NaN,NaN,NaN,NaN,NaN,NaN,NaN,NaN,NaN,NaN,NaN,NaN,NaN,NaN,NaN,NaN,NaN,NaN,NaN,NaN,NaN,NaN,NaN,NaN,NaN,NaN,NaN,
SPECA,1390886666,1653338029.60,1653338131.60,33,NaN,NaN,NaN,NaN,NaN,NaN,NaN,NaN,NaN,NaN,NaN,NaN,NaN,NaN,NaN,NaN,NaN,NaN,NaN,NaN,NaN,NaN,NaN,NaN,NaN,NaN,NaN,NaN,NaN,NaN,NaN,NaN,NaN,NaN,NaN,NaN,339.881530,531.697880,139.990050,-168.598890,-23.686241,-38.282806,0.000000,0.000000,0.000000,-8.288668,28.867212,24.833618,725.338560,1135.884400,307.589020,-218.904980,-60.876553,12.052424,0.000000,0.000000,0.000000,-127.042970,32.724033,214.029130,893.538820,891.370240,431.634430,-14.737937,-3.209054,154.696180,0.000000,0.000000,0.000000,-140.091540,306.001830,145.791900,3065.245800,4037.509000,4467.980000,2060.881600,341.040950,660.550290,0.000000,0.000000,0.000000,-412.115940,3019.134500,3662.109900,7447.469200,15003.874000,17583.371000,7916.529300,1315.229700,3455.361600,0.000000,0.000000,0.000000,-1113.936200,10102.628000,14766.405000,8175.111300,22454.426000,22315.289000,9868.005900,1905.013500,5306.577600,0.000000,0.000000,0.000000,-961.252930,11831.436000,20216.625000,3858.369400,11146.327000,11137.302000,3955.385000,276.803100,2149.500200,0.000000,0.000000,0.000000,-656.852170,5432.495600,9891.703100,950.158630,1897.820800,2220.014900,550.715450,-7.651324,166.561780,0.000000,0.000000,0.000000,-65.948776,1110.649700,1636.740700,366.829860,712.704470,856.028200,-27.269217,-113.850200,103.446690,0.000000,0.000000,0.000000,-27.798218,319.882420,407.670590,207.059560,548.629760,660.226200,-96.012016,-81.283882,57.891357,0.000000,0.000000,0.000000,-23.779968,108.049360,305.424260,193.018680,666.159550,875.365660,-200.123520,-64.345818,44.272236,0.000000,0.000000,0.000000,-20.070164,-99.752380,494.516110,332.428280,667.118410,748.666870,-281.983310,-56.645798,47.931969,0.000000,0.000000,0.000000,-7.810647,-39.974884,308.954770,490.794950,725.911500,725.394100,-379.626590,44.609383,-45.130909,0.000000,0.000000,0.000000,-17.309666,118.061900,104.084460,620.943600,1106.528700,1468.198900,-556.266660,56.472004,21.178535,0.000000,0.000000,0.000000,111.442080,-117.949390,620.606870,582.780330,919.238770,1352.479200,-535.139040,-25.156103,135.792390,0.000000,0.000000,0.000000,-23.193007,-35.564568,451.429960,347.645780,783.301820,1056.606700,-345.698730,47.398403,67.529015,0.000000,0.000000,0.000000,-10.582923,198.730390,177.921450,340.357030,880.296940,1163.569900,-280.420010,-42.695827,192.990940,0.000000,0.000000,0.000000,-44.647903,187.364320,447.379240,419.735050,790.311580,991.191040,-366.508270,-64.894455,123.629790,0.000000,0.000000,0.000000,-73.970581,91.602112,398.040710,340.363340,579.375550,1107.859600,-288.277250,-56.645939,183.233990,0.000000,0.000000,0.000000,-46.488213,28.830078,376.439760,345.391540,662.971860,1297.305400,-301.938140,-15.627411,202.227580,0.000000,0.000000,0.000000,-14.062319,-56.801563,466.628270,471.358400,797.840450,1259.340300,-417.316650,-147.922520,319.321660,0.000000,0.000000,0.000000,25.119780,-161.351620,446.051700,344.989260,593.636960,943.485720,-293.205600,-118.109990,281.427800,0.000000,0.000000,0.000000,25.650629,-52.085686,266.982640,245.203720,628.051270,724.197880,-228.045680,53.348927,30.516226,0.000000,0.000000,0.000000,51.175423,43.750370,228.703580,131.453870,499.639530,721.700990,-179.399320,-37.064041,84.543106,0.000000,0.000000,0.000000,6.763038,-87.738358,335.938350,217.884480,478.084080,751.860720,-216.423280,-17.593586,104.273800,0.000000,0.000000,0.000000,28.658018,-25.656891,239.195710,182.268620,432.818760,758.390990,-164.985700,19.549627,74.719475,0.000000,0.000000,0.000000,12.202303,-17.607641,263.149510,164.532100,431.927030,642.694890,-183.834810,6.192231,41.474022,0.000000,0.000000,0.000000,-2.700124,-48.802673,258.970860,183.958100,491.914920,869.965210,-207.594940,-19.578688,128.441600,0.000000,0.000000,0.000000,-18.410095,-67.989220,344.165370,185.584750,410.825930,652.878970,-187.895320,-30.446270,152.928220,0.000000,0.000000,0.000000,-22.392389,-43.230400,210.680970,187.075160,487.687190,703.799620,-230.013570,9.225690,89.021736,0.000000,0.000000,0.000000,-3.656240,-111.485890,258.752530,116.805590,321.025880,748.922420,-142.223880,58.386139,-5.109098,0.000000,0.000000,0.000000,5.725896,-100.111960,240.646590,88.155792,277.278320,541.589050,-104.796510,52.360535,25.115725,0.000000,0.000000,0.000000,28.471180,-67.154785,215.106630,89.217834,288.980500,462.235260,-112.556400,29.823471,41.016273,0.000000,0.000000,0.000000,26.123760,-41.694424,165.563780,94.123199,280.774540,335.945530,-131.870120,-1.394481,62.939983,0.000000,0.000000,0.000000,5.192063,-29.175936,114.920150,93.713631,218.606670,341.579960,-102.349210,-17.694035,57.237911,0.000000,0.000000,0.000000,-9.939565,-11.905017,84.460052,89.865562,266.505800,319.959470,-103.705280,-16.619297,45.200466,0.000000,0.000000,0.000000,-24.953453,2.707517,86.383362,96.353119,243.208560,363.601410,-87.422523,-7.034224,70.663063,0.000000,0.000000,0.000000,-9.802020,-32.083851,110.856490,85.455902,142.001790,350.045010,-43.446430,7.327703,20.448496,0.000000,0.000000,0.000000,-12.963396,-23.862476,81.037811,74.754829,144.299450,395.822240,-60.653927,-32.627266,53.195095,0.000000,0.000000,0.000000,-3.571312,-8.001307,91.488174,58.955303,136.916230,339.890230,-55.573650,-28.493784,93.040459,0.000000,0.000000,0.000000,-8.222467,14.317513,66.542191,64.174316,130.179530,372.532780,-51.959267,-15.033069,94.420837,0.000000,0.000000,0.000000,-2.151880,18.040428,56.147728,56.368298,132.619690,264.210110,-56.240322,-17.460463,63.540199,0.000000,0.000000,0.000000,2.058299,-12.618841,73.306534,36.810936,108.268020,148.946110,-33.928566,-1.431519,28.280975,0.000000,0.000000,0.000000,0.062934,-17.640505,34.875069,30.861172,78.049614,153.170070,-24.321270,-8.834565,32.673271,0.000000,0.000000,0.000000,-5.456362,0.471480,10.371177,33.982521,69.159981,148.164810,-20.793417,-4.342524,24.512590,0.000000,0.000000,0.000000,-18.096474,-4.200966,28.771103,34.496899,64.650177,171.995620,-29.389673,-9.805714,26.274414,0.000000,0.000000,0.000000,-16.291302,0.486183,27.228125,29.203823,63.543053,165.583710,-21.995974,-3.356878,34.345215,0.000000,0.000000,0.000000,-0.244399,-4.027120,22.547541,27.552086,60.581764,116.855550,-20.396189,7.225232,22.431162,0.000000,0.000000,0.000000,8.236943,-13.419762,33.587799,29.487995,66.078827,101.000690,-25.141369,-0.600910,35.571239,0.000000,0.000000,0.000000,0.167945,-7.014598,22.001802,21.522821,59.433834,106.063150,-14.820329,-6.718572,45.461399,0.000000,0.000000,0.000000,-2.832148,-2.492675,16.922077,21.421627,49.605034,99.695541,-15.641585,-3.648771,27.807768,0.000000,0.000000,0.000000,-3.726932,-9.075245,14.300129,20.007444,60.375893,108.539600,-20.523033,-5.446138,27.357649,0.000000,0.000000,0.000000,-3.419041,-2.395208,15.891381,17.616749,55.595779,89.998932,-15.516430,-6.281373,31.908777,0.000000,0.000000,0.000000,3.700193,-2.635487,20.695171,21.416004,43.123135,75.265228,-13.872514,6.873126,13.408337,0.000000,0.000000,0.000000,4.829494,-2.363572,14.901186,17.424583,38.522469,74.516426,-11.887303,-0.610440,13.601859,0.000000,0.000000,0.000000,-2.872612,-1.416877,11.946587,20.232244,38.559563,79.808693,-16.448921,-8.680460,23.423429,0.000000,0.000000,0.000000,-2.488787,-6.126733,13.456516,23.635418,41.894402,74.849190,-18.948465,-3.600757,17.642475,0.000000,0.000000,0.000000,-2.243149,-0.920368,14.614861,20.264513,47.558067,54.017422,-16.945251,-2.665616,11.615408,0.000000,0.000000,0.000000,-5.725448,0.200426,14.786316,14.433962,41.289158,43.357674,-9.478568,2.314559,12.048323,0.000000,0.000000,0.000000,-4.484685,1.124733,5.343398,18.518177,38.276234,44.932537,-14.611570,0.415860,8.851895,0.000000,0.000000,0.000000,-4.228043,2.054074,6.528507,19.510214,38.978516,62.166756,-14.181553,-10.700558,25.362446,0.000000,0.000000,0.000000,-4.714715,3.772638,11.838263,17.354813,30.897507,65.286156,-9.661132,-7.458058,21.147690,0.000000,0.000000,0.000000,1.039381,-0.083497,5.796301,13.568130,26.437939,50.290356,-7.275957,4.414218,4.698973,0.000000,0.000000,0.000000,-2.020883,-5.462949,-1.641522,12.635102,25.828346,57.346397,-9.661902,-2.947200,12.279285,0.000000,0.000000,0.000000,-6.873354,1.491457,-0.619128,15.211373,27.347599,40.991566,-7.819187,1.132459,15.013377,0.000000,0.000000,0.000000,-6.675155,3.398413,-1.101921,18.595949,29.619007,31.770588,-5.617046,-0.417915,10.381611,0.000000,0.000000,0.000000,-9.417800,4.241646,0.089604,16.212692,28.622364,24.890245,-10.311219,-0.520455,4.444567,0.000000,0.000000,0.000000,-4.718680,-1.586733,6.939757,16.812857,29.977125,25.285564,-13.477882,-2.731570,3.910514,0.000000,0.000000,0.000000,-4.096442,-1.295259,3.203114,17.287382,30.197796,25.718201,-13.752868,-5.326921,4.277921,0.000000,0.000000,0.000000,-1.931031,1.036477,-0.310172,21.256256,21.941639,23.475149,-8.657388,-1.364820,2.956835,0.000000,0.000000,0.000000,1.129939,3.025059,-0.528260,16.650370,21.862989,26.871044,-7.376410,2.175149,6.099185,0.000000,0.000000,0.000000,4.461047,-2.451279,5.443410,13.755492,15.498297,20.985741,-4.565445,3.525056,3.811379,0.000000,0.000000,0.000000,2.565733,-1.237836,4.375661,17.577995,12.980467,24.028725,-0.530181,4.895588,5.226261,0.000000,0.000000,0.000000,-1.870649,-0.812921,-0.558908,17.939058,16.185852,20.574865,-6.781267,2.260308,2.958374,0.000000,0.000000,0.000000,-4.999500,0.691195,-2.448655,15.345626,18.257483,16.000288,-9.986874,-0.817145,4.391439,0.000000,0.000000,0.000000,-3.973878,4.438844,-3.723220,11.382535,15.335875,20.321764,-6.732621,-2.949780,8.357080,0.000000,0.000000,0.000000,-0.607821,1.807652,-3.281877,11.754016,10.997328,16.263695,-3.586528,-2.094461,0.862887,0.000000,0.000000,0.000000,0.110682,1.138716,-2.540490,13.277308,11.757728,13.741612,-2.599463,-1.452463,-1.845740,0.000000,0.000000,0.000000,-0.069961,-0.408203,1.660483,8.136772,14.646188,14.514391,-1.407230,0.771489,-0.838067,0.000000,0.000000,0.000000,1.067289,1.222327,3.734962,NaN,NaN,NaN,NaN,NaN,NaN,NaN,NaN,NaN,NaN,NaN,NaN,NaN,NaN,NaN,NaN,NaN,NaN,NaN,NaN,NaN,NaN,NaN,NaN,NaN,NaN,NaN,NaN,NaN,NaN,NaN,NaN,NaN,NaN,NaN,NaN,NaN,NaN,NaN,NaN,NaN,NaN,NaN,NaN,NaN,NaN,NaN,NaN,NaN,NaN,NaN,NaN,NaN,NaN,NaN,NaN,NaN,NaN,NaN,NaN,NaN,NaN,NaN,NaN,NaN,NaN,NaN,NaN,NaN,NaN,NaN,NaN,NaN,NaN,NaN,NaN,NaN,NaN,NaN,NaN,NaN,NaN,NaN,NaN,NaN,NaN,NaN,NaN,NaN,NaN,NaN,NaN,NaN,NaN,NaN,NaN,NaN,NaN,NaN,NaN,NaN,NaN,NaN,NaN,NaN,NaN,NaN,NaN,NaN,NaN,NaN,NaN,NaN,NaN,NaN,NaN,NaN,NaN,NaN,NaN,NaN,NaN,NaN,NaN,NaN,NaN,NaN,NaN,NaN,NaN,NaN,NaN,NaN,NaN,NaN,NaN,NaN,NaN,NaN,NaN,NaN,NaN,NaN,NaN,NaN,NaN,NaN,NaN,NaN,NaN,NaN,NaN,NaN,NaN,NaN,NaN,NaN,NaN,NaN,NaN,NaN,NaN,NaN,NaN,NaN,NaN,NaN,NaN,NaN,NaN,NaN,NaN,NaN,NaN,NaN,NaN,NaN,NaN,NaN,NaN,NaN,NaN,NaN,NaN,NaN,NaN,NaN,NaN,NaN,NaN,NaN,NaN,NaN,NaN,NaN,NaN,NaN,NaN,NaN,NaN,NaN,NaN,NaN,NaN,NaN,NaN,NaN,NaN,NaN,NaN,NaN,NaN,NaN,NaN,NaN,NaN,NaN,NaN,NaN,NaN,NaN,NaN,NaN,NaN,NaN,NaN,NaN,NaN,NaN,NaN,NaN,NaN,NaN,NaN,NaN,NaN,NaN,NaN,NaN,NaN,NaN,NaN,NaN,NaN,NaN,NaN,NaN,NaN,NaN,NaN,NaN,NaN,NaN,NaN,NaN,NaN,NaN,NaN,NaN,NaN,NaN,NaN,NaN,NaN,NaN,NaN,NaN,NaN,NaN,NaN,NaN,NaN,NaN,NaN,NaN,NaN,NaN,NaN,NaN,NaN,NaN,NaN,NaN,NaN,NaN,NaN,NaN,NaN,NaN,NaN,NaN,NaN,NaN,NaN,NaN,NaN,NaN,NaN,NaN,NaN,NaN,NaN,NaN,NaN,NaN,NaN,NaN,NaN,NaN,NaN,NaN,NaN,NaN,NaN,NaN,NaN,NaN,NaN,NaN,NaN,NaN,NaN,NaN,NaN,NaN,NaN,NaN,NaN,NaN,NaN,NaN,NaN,NaN,NaN,NaN,NaN,NaN,NaN,NaN,NaN,NaN,NaN,NaN,NaN,NaN,NaN,NaN,NaN,NaN,NaN,NaN,NaN,NaN,NaN,NaN,NaN,NaN,NaN,NaN,NaN,NaN,NaN,NaN,NaN,NaN,NaN,NaN,NaN,NaN,NaN,NaN,NaN,NaN,NaN,NaN,NaN,NaN,NaN,NaN,NaN,NaN,NaN,NaN,NaN,NaN,NaN,NaN,NaN,NaN,NaN,NaN,NaN,NaN,NaN,NaN,NaN,NaN,NaN,NaN,NaN,NaN,NaN,NaN,NaN,NaN,NaN,NaN,NaN,NaN,NaN,NaN,NaN,NaN,NaN,NaN,NaN,NaN,NaN,NaN,NaN,NaN,NaN,NaN,NaN,NaN,NaN,NaN,NaN,NaN,NaN,NaN,NaN,NaN,NaN,NaN,NaN,NaN,NaN,NaN,NaN,NaN,NaN,NaN,NaN,NaN,NaN,NaN,NaN,NaN,NaN,NaN,NaN,NaN,NaN,NaN,NaN,NaN,NaN,NaN,NaN,NaN,NaN,NaN,NaN,NaN,NaN,NaN,NaN,NaN,NaN,NaN,NaN,NaN,NaN,NaN,NaN,NaN,NaN,NaN,NaN,NaN,NaN,NaN,NaN,NaN,NaN,NaN,NaN,NaN,NaN,NaN,NaN,NaN,NaN,NaN,NaN,NaN,NaN,NaN,NaN,NaN,NaN,NaN,NaN,NaN,NaN,NaN,NaN,NaN,NaN,NaN,NaN,NaN,NaN,NaN,NaN,NaN,NaN,NaN,NaN,NaN,NaN,NaN,NaN,NaN,NaN,NaN,NaN,NaN,NaN,NaN,NaN,NaN,NaN,NaN,NaN,NaN,NaN,NaN,NaN,NaN,NaN,NaN,NaN,NaN,NaN,NaN,NaN,NaN,NaN,NaN,NaN,
SPECA,1392684933,1653339829.60,1653339931.60,33,NaN,NaN,NaN,NaN,NaN,NaN,NaN,NaN,NaN,NaN,NaN,NaN,NaN,NaN,NaN,NaN,NaN,NaN,NaN,NaN,NaN,NaN,NaN,NaN,NaN,NaN,NaN,NaN,NaN,NaN,NaN,NaN,NaN,NaN,NaN,NaN,212.131910,267.464660,56.418686,-97.226204,-0.893218,-15.279904,0.000000,0.000000,0.000000,-23.107126,3.006428,15.155742,674.705380,735.247740,161.953930,-335.614380,8.817835,4.446467,0.000000,0.000000,0.000000,-169.634140,62.000015,13.073202,726.653690,948.246580,449.216710,-161.354280,73.692978,50.712990,0.000000,0.000000,0.000000,-121.885780,235.843660,228.653120,2244.018800,3415.275100,4233.063500,1662.803200,698.310240,201.939580,0.000000,0.000000,0.000000,422.900150,2665.161100,3038.421100,8776.498000,13109.181000,18285.648000,7831.947300,2305.627000,596.597900,0.000000,0.000000,0.000000,1478.642500,11538.358000,13772.075000,7345.090300,13626.520000,16321.705000,6223.130400,2045.790200,929.190250,0.000000,0.000000,0.000000,1063.371600,9333.638700,13158.442000,2901.724400,9473.474600,8441.792000,2996.059300,652.237120,1064.042000,0.000000,0.000000,0.000000,230.211120,3786.610400,8170.023900,738.442500,2490.808800,2203.738000,409.455960,36.614437,339.349490,0.000000,0.000000,0.000000,-32.580723,844.473750,1895.955400,354.305050,652.651180,947.399350,-11.126705,-25.170776,215.867190,0.000000,0.000000,0.000000,-77.929909,369.618350,386.400120,205.207670,517.246340,661.351620,-102.692540,35.691933,45.156429,0.000000,0.000000,0.000000,-25.318569,117.540240,215.206570,159.810840,542.351990,730.713440,-142.113630,-27.217575,113.021280,0.000000,0.000000,0.000000,-6.806417,7.197200,320.628360,443.427190,777.834110,1058.356200,-364.658750,-91.044769,167.050750,0.000000,0.000000,0.000000,10.683018,38.685566,377.209230,617.570430,818.648190,1112.534300,-434.466830,11.536326,-16.567787,0.000000,0.000000,0.000000,-29.453373,160.047290,228.932250,426.247190,894.622310,1308.737700,-354.231290,-33.232281,90.889542,0.000000,0.000000,0.000000,-46.896969,55.203819,342.888490,402.763790,1125.350500,1176.082800,-470.063200,-201.463380,229.599880,0.000000,0.000000,0.000000,10.371219,-11.527218,484.950620,412.357090,1278.763800,1083.283800,-550.854980,-116.279930,233.587980,0.000000,0.000000,0.000000,24.971466,-41.662109,568.319950,338.920650,929.143310,1380.196200,-305.835480,-126.419460,335.925350,0.000000,0.000000,0.000000,-101.380180,241.685490,504.740390,326.874730,836.476140,1125.368700,-295.621640,23.934343,171.883790,0.000000,0.000000,0.000000,-17.437225,118.974270,422.573240,358.789490,839.031490,1010.143600,-350.247960,7.894142,229.451080,0.000000,0.000000,0.000000,-8.238903,48.871563,426.832950,357.454860,618.406680,969.430420,-225.607240,-83.452461,306.508150,0.000000,0.000000,0.000000,-38.971317,27.421785,382.995760,321.207000,660.410280,1155.624300,-226.284770,40.030491,213.940350,0.000000,0.000000,0.000000,-4.893409,1.591039,424.171200,214.372190,704.325990,1141.438200,-222.299970,24.692259,25.156326,0.000000,0.000000,0.000000,-9.040679,-36.200134,507.501770,201.856080,607.015870,1019.197500,-209.057190,-25.304241,-43.622276,0.000000,0.000000,0.000000,-35.086506,-39.113308,432.997560,168.724440,517.576350,885.173890,-170.269870,-35.901695,45.208466,0.000000,0.000000,0.000000,-34.145267,29.148735,273.348820,191.850190,436.599370,710.229610,-176.470700,5.001532,90.665596,0.000000,0.000000,0.000000,15.243853,70.375504,138.200420,197.439680,391.715360,747.261050,-173.794190,4.475789,59.485088,0.000000,0.000000,0.000000,-6.597008,91.529526,107.968060,227.995910,445.405820,830.124150,-203.436980,-98.192520,127.995440,0.000000,0.000000,0.000000,-47.175873,88.893570,129.077380,247.573560,421.429930,844.417110,-231.913210,-56.770802,82.562607,0.000000,0.000000,0.000000,-19.238255,-12.202859,124.954270,192.210600,337.040800,829.516300,-171.771000,1.667958,-5.797354,0.000000,0.000000,0.000000,11.048778,-29.072546,159.965760,199.021390,373.710360,676.781070,-192.231800,-42.733650,99.025360,0.000000,0.000000,0.000000,-33.219181,17.178726,114.945430,120.195260,256.488400,465.381930,-88.830254,-20.979996,114.629340,0.000000,0.000000,0.000000,-18.179144,15.933525,120.904110,86.427155,289.738220,493.581880,-97.487755,-35.993984,163.663470,0.000000,0.000000,0.000000,11.080170,-16.010969,137.153560,95.476402,305.619960,489.724460,-116.659190,-37.008900,126.818800,0.000000,0.000000,0.000000,7.021863,-62.862465,215.953780,91.321899,278.066590,508.629610,-88.249481,14.319659,142.172640,0.000000,0.000000,0.000000,-0.625980,-14.060650,180.723480,105.557420,237.565190,419.432920,-96.472000,-15.358212,139.957600,0.000000,0.000000,0.000000,-6.530014,-19.317482,107.143420,95.178024,253.896800,336.956510,-114.073180,-25.251644,101.315480,0.000000,0.000000,0.000000,11.765637,-32.981117,128.109680,83.603554,273.276920,315.971860,-109.910220,-40.471046,89.298317,0.000000,0.000000,0.000000,-7.258016,-24.573532,148.550170,88.188057,220.065310,264.288450,-101.237870,-6.467073,71.599152,0.000000,0.000000,0.000000,-3.667582,-20.181581,91.430984,67.611618,167.504320,264.927340,-63.148731,25.502964,50.247711,0.000000,0.000000,0.000000,12.145450,-12.368706,89.340416,66.071938,123.150100,265.913820,-47.687809,34.456940,22.790861,0.000000,0.000000,0.000000,21.120539,7.959817,49.618202,52.460697,110.820340,177.854510,-45.160294,-3.084266,29.521412,0.000000,0.000000,0.000000,3.822209,24.431860,2.484386,46.441891,107.202710,165.082060,-47.049873,-10.589646,35.669888,0.000000,0.000000,0.000000,-4.657178,12.179356,24.923203,42.682610,89.548401,207.553280,-38.959827,0.000404,53.835594,0.000000,0.000000,0.000000,-2.499314,7.838762,44.672138,36.294235,73.893982,159.861240,-32.154758,-1.440675,37.978233,0.000000,0.000000,0.000000,-5.230829,14.890461,32.541733,36.998299,85.972374,166.033460,-34.287643,-7.509765,52.468933,0.000000,0.000000,0.000000,-9.088124,5.750267,32.049122,29.917734,94.727242,151.148160,-31.735695,-15.449073,60.582218,0.000000,0.000000,0.000000,-9.828152,8.818659,34.136620,22.022987,49.672554,154.133470,-19.952976,-7.307236,22.442858,0.000000,0.000000,0.000000,-2.174723,3.088865,33.162045,31.135933,55.298367,126.585570,-24.757345,-3.808221,25.807293,0.000000,0.000000,0.000000,-5.582231,3.690786,20.992664,28.846973,47.635685,121.674040,-19.911083,-1.403911,25.114380,0.000000,0.000000,0.000000,-2.126363,1.666740,21.884209,22.285402,46.777306,138.242830,-15.305390,4.689365,32.958103,0.000000,0.000000,0.000000,1.651022,-4.817572,12.560854,21.199089,65.201378,99.720947,-24.011459,-10.553802,34.498363,0.000000,0.000000,0.000000,-2.440550,-0.994166,14.956461,24.818733,53.141827,98.930946,-24.228050,2.504832,12.506002,0.000000,0.000000,0.000000,-5.558301,1.779023,12.866550,19.972120,38.713272,101.893200,-17.717381,6.889863,2.914538,0.000000,0.000000,0.000000,-0.305665,7.620196,3.574388,18.011103,31.828733,83.558968,-11.706929,2.650118,6.317418,0.000000,0.000000,0.000000,-0.040377,8.223738,10.610338,19.749199,44.087463,90.809174,-17.095196,-11.297985,31.602444,0.000000,0.000000,0.000000,-1.862622,1.026230,21.922447,25.463345,48.511974,77.997688,-23.400026,-7.617526,27.113861,0.000000,0.000000,0.000000,-2.516997,-0.753731,9.326704,17.357254,36.593990,74.128380,-14.339497,-7.050382,14.012141,0.000000,0.000000,0.000000,-3.043406,4.445760,-1.026344,16.265446,36.613689,65.045921,-12.689734,-0.628089,10.976323,0.000000,0.000000,0.000000,1.048634,0.699040,4.663825,18.051828,26.182388,58.312260,-8.539985,0.141981,12.704942,0.000000,0.000000,0.000000,-4.531146,4.378551,0.668317,14.071346,25.859617,71.653061,-8.617868,-4.688886,17.756090,0.000000,0.000000,0.000000,-1.898026,2.214477,8.564360,14.606873,32.682133,68.089943,-11.520512,-1.031589,16.059418,0.000000,0.000000,0.000000,-1.464918,-3.381691,11.396172,16.350180,38.045601,58.719975,-12.984760,-0.151862,17.048922,0.000000,0.000000,0.000000,-4.250989,1.239128,9.557101,14.502990,32.912083,58.811516,-11.425922,2.393329,11.813030,0.000000,0.000000,0.000000,-2.336293,-1.774364,8.935396,18.203791,27.023607,44.221107,-12.194722,6.115858,5.630054,0.000000,0.000000,0.000000,-0.281775,-3.711042,9.293226,16.220242,29.087542,47.503620,-9.759804,2.076245,7.732412,0.000000,0.000000,0.000000,0.064827,1.915620,6.660360,18.030216,30.607674,51.636326,-11.646714,0.660163,9.139834,0.000000,0.000000,0.000000,-2.921173,2.843663,5.206516,17.697096,34.625599,46.731056,-12.682316,0.367601,9.877807,0.000000,0.000000,0.000000,-2.723131,2.631045,1.694504,13.527697,29.382879,33.139080,-11.371073,-2.615613,9.612361,0.000000,0.000000,0.000000,-0.569467,0.309470,2.186072,16.554565,26.275131,25.335911,-11.141444,-4.442912,7.040079,0.000000,0.000000,0.000000,-6.122278,3.963211,2.535974,19.025402,32.159805,29.694891,-12.076725,-5.642292,11.897828,0.000000,0.000000,0.000000,-3.845464,1.435756,7.454866,18.721802,25.263477,22.519554,-9.890079,-1.432059,9.747431,0.000000,0.000000,0.000000,-1.370937,-3.360644,4.372974,17.834234,24.776028,32.759426,-8.022037,1.607754,10.732062,0.000000,0.000000,0.000000,-1.450918,-0.213413,0.899836,12.897177,24.852114,30.820004,-5.912409,-1.459814,11.498201,0.000000,0.000000,0.000000,2.298047,-1.219059,4.118376,10.990739,19.676693,28.503572,-3.371608,0.206313,11.165977,0.000000,0.000000,0.000000,2.733779,-1.243608,5.942267,8.549277,18.039972,31.544353,-2.025380,-0.715336,9.518365,0.000000,0.000000,0.000000,0.761304,-3.070495,1.359299,8.084746,17.755075,26.296076,-1.588700,2.365320,4.428677,0.000000,0.000000,0.000000,-0.239771,0.204195,3.420588,12.514488,15.789360,20.725496,-3.464666,2.935536,0.981194,0.000000,0.000000,0.000000,-2.852451,1.486495,3.098867,11.263094,17.954699,14.498205,-2.276424,1.561511,4.218025,0.000000,0.000000,0.000000,-2.268909,1.784836,3.806662,9.825593,13.940822,13.372934,-2.002459,2.610650,4.467875,0.000000,0.000000,0.000000,-0.506255,-1.173135,2.288646,NaN,NaN,NaN,NaN,NaN,NaN,NaN,NaN,NaN,NaN,NaN,NaN,NaN,NaN,NaN,NaN,NaN,NaN,NaN,NaN,NaN,NaN,NaN,NaN,NaN,NaN,NaN,NaN,NaN,NaN,NaN,NaN,NaN,NaN,NaN,NaN,NaN,NaN,NaN,NaN,NaN,NaN,NaN,NaN,NaN,NaN,NaN,NaN,NaN,NaN,NaN,NaN,NaN,NaN,NaN,NaN,NaN,NaN,NaN,NaN,NaN,NaN,NaN,NaN,NaN,NaN,NaN,NaN,NaN,NaN,NaN,NaN,NaN,NaN,NaN,NaN,NaN,NaN,NaN,NaN,NaN,NaN,NaN,NaN,NaN,NaN,NaN,NaN,NaN,NaN,NaN,NaN,NaN,NaN,NaN,NaN,NaN,NaN,NaN,NaN,NaN,NaN,NaN,NaN,NaN,NaN,NaN,NaN,NaN,NaN,NaN,NaN,NaN,NaN,NaN,NaN,NaN,NaN,NaN,NaN,NaN,NaN,NaN,NaN,NaN,NaN,NaN,NaN,NaN,NaN,NaN,NaN,NaN,NaN,NaN,NaN,NaN,NaN,NaN,NaN,NaN,NaN,NaN,NaN,NaN,NaN,NaN,NaN,NaN,NaN,NaN,NaN,NaN,NaN,NaN,NaN,NaN,NaN,NaN,NaN,NaN,NaN,NaN,NaN,NaN,NaN,NaN,NaN,NaN,NaN,NaN,NaN,NaN,NaN,NaN,NaN,NaN,NaN,NaN,NaN,NaN,NaN,NaN,NaN,NaN,NaN,NaN,NaN,NaN,NaN,NaN,NaN,NaN,NaN,NaN,NaN,NaN,NaN,NaN,NaN,NaN,NaN,NaN,NaN,NaN,NaN,NaN,NaN,NaN,NaN,NaN,NaN,NaN,NaN,NaN,NaN,NaN,NaN,NaN,NaN,NaN,NaN,NaN,NaN,NaN,NaN,NaN,NaN,NaN,NaN,NaN,NaN,NaN,NaN,NaN,NaN,NaN,NaN,NaN,NaN,NaN,NaN,NaN,NaN,NaN,NaN,NaN,NaN,NaN,NaN,NaN,NaN,NaN,NaN,NaN,NaN,NaN,NaN,NaN,NaN,NaN,NaN,NaN,NaN,NaN,NaN,NaN,NaN,NaN,NaN,NaN,NaN,NaN,NaN,NaN,NaN,NaN,NaN,NaN,NaN,NaN,NaN,NaN,NaN,NaN,NaN,NaN,NaN,NaN,NaN,NaN,NaN,NaN,NaN,NaN,NaN,NaN,NaN,NaN,NaN,NaN,NaN,NaN,NaN,NaN,NaN,NaN,NaN,NaN,NaN,NaN,NaN,NaN,NaN,NaN,NaN,NaN,NaN,NaN,NaN,NaN,NaN,NaN,NaN,NaN,NaN,NaN,NaN,NaN,NaN,NaN,NaN,NaN,NaN,NaN,NaN,NaN,NaN,NaN,NaN,NaN,NaN,NaN,NaN,NaN,NaN,NaN,NaN,NaN,NaN,NaN,NaN,NaN,NaN,NaN,NaN,NaN,NaN,NaN,NaN,NaN,NaN,NaN,NaN,NaN,NaN,NaN,NaN,NaN,NaN,NaN,NaN,NaN,NaN,NaN,NaN,NaN,NaN,NaN,NaN,NaN,NaN,NaN,NaN,NaN,NaN,NaN,NaN,NaN,NaN,NaN,NaN,NaN,NaN,NaN,NaN,NaN,NaN,NaN,NaN,NaN,NaN,NaN,NaN,NaN,NaN,NaN,NaN,NaN,NaN,NaN,NaN,NaN,NaN,NaN,NaN,NaN,NaN,NaN,NaN,NaN,NaN,NaN,NaN,NaN,NaN,NaN,NaN,NaN,NaN,NaN,NaN,NaN,NaN,NaN,NaN,NaN,NaN,NaN,NaN,NaN,NaN,NaN,NaN,NaN,NaN,NaN,NaN,NaN,NaN,NaN,NaN,NaN,NaN,NaN,NaN,NaN,NaN,NaN,NaN,NaN,NaN,NaN,NaN,NaN,NaN,NaN,NaN,NaN,NaN,NaN,NaN,NaN,NaN,NaN,NaN,NaN,NaN,NaN,NaN,NaN,NaN,NaN,NaN,NaN,NaN,NaN,NaN,NaN,NaN,NaN,NaN,NaN,NaN,NaN,NaN,NaN,NaN,NaN,NaN,NaN,NaN,NaN,NaN,NaN,NaN,NaN,NaN,NaN,NaN,NaN,NaN,NaN,NaN,NaN,NaN,NaN,NaN,NaN,NaN,NaN,NaN,NaN,NaN,NaN,NaN,NaN,NaN,NaN,NaN,NaN,NaN,NaN,NaN,NaN,NaN,NaN,NaN,NaN,NaN,NaN,NaN,NaN,NaN,NaN,NaN,NaN,NaN,NaN,NaN,NaN,NaN,
SPECA,1394483083,1653341629.60,1653341731.60,33,NaN,NaN,NaN,NaN,NaN,NaN,NaN,NaN,NaN,NaN,NaN,NaN,NaN,NaN,NaN,NaN,NaN,NaN,NaN,NaN,NaN,NaN,NaN,NaN,NaN,NaN,NaN,NaN,NaN,NaN,NaN,NaN,NaN,NaN,NaN,NaN,81.320427,219.015560,45.109928,-57.731159,9.386113,-3.054228,0.000000,0.000000,0.000000,-1.673841,-14.418198,8.596355,353.030550,802.649600,229.705490,-223.471240,22.391226,40.646748,0.000000,0.000000,0.000000,60.994232,-25.934803,126.700560,613.889100,806.886840,498.046050,-61.891064,102.507320,-45.423569,0.000000,0.000000,0.000000,199.744660,219.492920,280.885440,2701.168700,4229.733400,4758.922400,2137.929000,38.329643,705.888490,0.000000,0.000000,0.000000,-557.899230,3235.062700,3763.339800,8007.379900,15421.718000,17453.533000,8437.504900,1106.051300,3724.092300,0.000000,0.000000,0.000000,-1523.188500,10863.704000,14716.146000,7307.546400,16163.384000,16265.899000,7887.290000,1823.857100,3539.636200,0.000000,0.000000,0.000000,-824.809690,9568.356400,14348.348000,3723.833300,9185.413100,8658.017600,3830.586200,125.448770,562.129390,0.000000,0.000000,0.000000,-551.864440,4794.685100,7803.473100,1120.819700,2699.206500,3119.802700,835.814580,141.978230,7.539555,0.000000,0.000000,0.000000,-5.732330,1497.947400,2290.429900,423.691070,1025.933800,959.664980,-90.493484,62.926800,198.185970,0.000000,0.000000,0.000000,-80.147865,397.225770,425.395450,261.901250,722.207520,854.934450,-110.988030,-4.232397,194.131610,0.000000,0.000000,0.000000,-69.215332,239.222260,316.823240,314.970280,746.541020,877.566530,-300.042450,-4.251398,91.784584,0.000000,0.000000,0.000000,-87.319923,46.422329,313.018280,421.154940,1005.022800,1075.110500,-359.200900,24.279150,3.655756,0.000000,0.000000,0.000000,-20.309578,188.290310,347.795010,368.781130,825.274720,1415.546600,-270.516330,66.068863,145.329250,0.000000,0.000000,0.000000,57.710945,109.063100,377.089660,389.114530,962.544190,1518.476900,-334.251680,143.434720,221.689770,0.000000,0.000000,0.000000,112.908660,-233.330600,800.992130,588.910100,1165.151500,1267.990100,-524.442260,82.997337,86.523682,0.000000,0.000000,0.000000,33.138680,-153.279910,676.986150,552.799190,954.939510,1181.631300,-435.660190,109.245480,74.648674,0.000000,0.000000,0.000000,-72.893890,167.734830,366.680480,364.992680,553.334410,995.302730,-249.589220,30.527561,149.769450,0.000000,0.000000,0.000000,-55.842602,177.335050,301.322300,352.503230,892.843570,986.916810,-357.757720,42.192886,116.448250,0.000000,0.000000,0.000000,-21.224073,47.853348,444.731320,310.293300,776.658810,1207.233800,-217.433810,9.214512,132.417920,0.000000,0.000000,0.000000,-4.543377,21.573435,537.521970,279.842350,766.612060,1439.271000,-182.174640,-19.799332,90.158043,0.000000,0.000000,0.000000,-13.007040,87.163986,622.240300,284.955690,754.328920,1386.271000,-245.520870,-132.924380,178.143510,0.000000,0.000000,0.000000,-33.787727,78.056152,504.062230,277.349580,472.201170,995.986940,-148.787630,-124.592660,199.697800,0.000000,0.000000,0.000000,-56.614285,7.073633,317.051910,255.092450,502.560330,965.626100,-163.138900,-61.109203,114.261210,0.000000,0.000000,0.000000,3.779466,-59.325161,261.889500,175.505340,650.147770,759.318730,-216.503200,-39.148037,125.362180,0.000000,0.000000,0.000000,-2.234869,-8.214170,285.543460,150.922390,605.997740,894.379390,-178.884960,47.067249,121.247220,0.000000,0.000000,0.000000,29.665733,35.839920,296.487090,150.342220,407.599670,656.389890,-139.319200,2.813447,119.310100,0.000000,0.000000,0.000000,-15.625255,29.414646,93.674759,173.985470,465.438510,935.313480,-159.586500,-11.298699,123.866470,0.000000,0.000000,0.000000,-57.581345,65.257339,219.158220,184.610670,499.148770,1155.992800,-195.273990,-37.073818,90.775925,0.000000,0.000000,0.000000,-43.248371,-39.103886,360.651790,206.871600,566.591670,1028.384400,-230.102690,-93.007492,226.253110,0.000000,0.000000,0.000000,12.154303,-117.017140,363.892090,160.094920,542.048460,847.343750,-183.158780,-63.187489,268.508240,0.000000,0.000000,0.000000,31.961882,-96.810883,327.288540,131.018450,379.816990,698.186710,-150.421740,15.842699,134.836040,0.000000,0.000000,0.000000,51.238274,-62.941936,239.004350,99.290146,303.909760,530.121280,-108.604360,-10.811468,114.292570,0.000000,0.000000,0.000000,9.121675,6.997669,130.049580,107.533360,253.284260,390.077760,-102.756310,-40.804123,128.531160,0.000000,0.000000,0.000000,0.401816,-2.782180,102.499640,75.747002,217.204130,324.727050,-59.178085,-4.107828,103.829110,0.000000,0.000000,0.000000,26.888191,-7.115784,88.319473,70.004097,215.697310,456.123720,-50.050312,-0.971937,106.058410,0.000000,0.000000,0.000000,-1.214101,0.509989,119.672750,89.207497,276.946840,422.301480,-88.860588,-39.763927,113.215550,0.000000,0.000000,0.000000,-11.452750,-21.562374,133.277110,51.438400,222.108890,366.496430,-57.331963,-44.025295,78.843307,0.000000,0.000000,0.000000,-12.464555,-18.493040,148.937060,48.582443,172.371250,331.247470,-52.817841,-14.748507,71.188606,0.000000,0.000000,0.000000,-9.934878,-20.710829,131.611660,71.184830,169.040340,314.629850,-65.429924,6.008541,70.893997,0.000000,0.000000,0.000000,8.831813,-2.844611,98.457176,55.158737,134.425200,289.390630,-52.930164,-14.869549,78.013771,0.000000,0.000000,0.000000,-5.421023,19.647577,36.292416,45.461716,131.181780,245.380160,-44.954380,-8.833523,62.742222,0.000000,0.000000,0.000000,-10.961605,12.787580,55.916103,41.819645,99.495605,165.305420,-38.465256,-0.829472,33.935394,0.000000,0.000000,0.000000,0.930576,-10.285378,40.246552,29.691933,96.987160,214.759170,-20.098724,2.374941,42.618038,0.000000,0.000000,0.000000,1.227172,-9.321317,52.341770,30.901930,111.949070,249.021090,-32.435875,-7.822033,71.662132,0.000000,0.000000,0.000000,-0.630652,-2.769754,54.064854,37.412472,71.151993,217.986540,-32.209873,-14.863100,54.436131,0.000000,0.000000,0.000000,-7.477831,10.135078,16.963739,28.681969,55.806240,177.696380,-14.542288,-3.411834,36.301067,0.000000,0.000000,0.000000,-5.844985,10.394130,23.526094,21.926271,69.488647,166.312350,-13.522870,2.199338,29.888666,0.000000,0.000000,0.000000,-7.536617,6.789098,50.972359,25.707739,87.593414,129.166380,-32.992638,-5.701815,28.620941,0.000000,0.000000,0.000000,1.900728,-9.851829,39.959419,31.618725,70.005356,101.773470,-35.736523,-8.215174,24.847372,0.000000,0.000000,0.000000,-3.916612,-5.836044,19.470757,29.333845,62.336311,111.613860,-28.302134,0.673362,2.553446,0.000000,0.000000,0.000000,3.402167,-4.659494,25.523726,23.355923,44.262882,71.301155,-18.269674,0.442025,5.851635,0.000000,0.000000,0.000000,0.503887,-5.909774,17.523260,22.725538,35.607635,86.431358,-14.825580,5.906399,14.843057,0.000000,0.000000,0.000000,-4.531326,3.515465,2.543153,22.110096,41.450539,94.863724,-17.207657,5.497459,9.974173,0.000000,0.000000,0.000000,-7.134527,9.101826,-0.841992,17.280764,46.422215,72.443443,-16.270737,4.030938,10.925668,0.000000,0.000000,0.000000,-3.979150,3.053897,6.466140,21.615498,43.423035,97.240234,-16.403212,0.416049,22.618729,0.000000,0.000000,0.000000,3.527968,-6.522450,18.722015,21.320881,40.461613,74.238098,-17.475664,3.851863,16.813652,0.000000,0.000000,0.000000,1.812250,-9.734727,16.541241,25.619953,31.220924,55.007156,-13.629336,8.136846,11.488247,0.000000,0.000000,0.000000,-2.403861,-0.748670,0.370839,20.903624,30.847353,47.611813,-12.227527,-0.499960,3.597579,0.000000,0.000000,0.000000,-7.064701,-0.177057,5.802057,18.174099,42.034142,42.711510,-14.823523,-2.548051,10.681138,0.000000,0.000000,0.000000,-7.565500,0.881464,2.329710,16.289793,43.697136,47.217014,-14.113579,-7.008435,17.319395,0.000000,0.000000,0.000000,-9.935073,4.061916,8.126168,13.441666,40.648453,61.523510,-10.269503,-0.808039,16.273849,0.000000,0.000000,0.000000,-3.481206,-0.343767,13.450912,14.802113,27.541367,44.633404,-10.025943,2.717431,10.090357,0.000000,0.000000,0.000000,-2.442690,-1.032291,-1.314016,15.543781,37.015732,41.715195,-12.899035,-2.070617,8.982905,0.000000,0.000000,0.000000,-4.929570,2.513230,-0.457707,14.455921,30.879623,51.082905,-10.809744,-3.334830,10.161776,0.000000,0.000000,0.000000,-3.955852,2.874736,5.428611,16.108431,25.465527,51.531342,-10.761725,-4.664431,10.024243,0.000000,0.000000,0.000000,-4.617479,-0.524607,0.900333,14.311781,24.853163,42.273510,-8.821926,-5.634833,10.226264,0.000000,0.000000,0.000000,-5.194494,2.355328,4.541268,16.130499,23.503664,38.439342,-8.093331,-6.840950,8.352582,0.000000,0.000000,0.000000,-7.191668,4.897413,8.605320,15.346201,25.322472,39.815105,-8.291340,-7.143585,10.913074,0.000000,0.000000,0.000000,-3.468465,2.206967,5.319984,13.676189,22.959064,27.379284,-6.642189,0.180405,3.866752,0.000000,0.000000,0.000000,-2.612900,-0.968958,4.084126,17.839521,25.993616,22.198372,-8.260617,4.255944,2.639590,0.000000,0.000000,0.000000,-9.398819,1.987153,-3.789218,16.209558,27.628569,22.645571,-7.357287,3.006828,6.758627,0.000000,0.000000,0.000000,-7.273786,0.453676,-2.173475,14.594929,24.079548,18.022968,-6.389730,0.297391,4.800100,0.000000,0.000000,0.000000,3.284941,-5.645611,6.763633,12.868086,24.166256,20.987679,-7.602587,-2.004036,4.620612,0.000000,0.000000,0.000000,0.626765,-1.608631,8.036067,13.448591,22.197464,27.322109,-6.523777,-1.053096,9.183573,0.000000,0.000000,0.000000,-0.717586,2.426596,4.934239,12.348948,17.902258,19.991777,-5.149138,-0.613640,5.418207,0.000000,0.000000,0.000000,-0.030596,-0.329443,-0.903647,11.050925,15.672993,17.902597,-4.687085,-1.244249,5.388075,0.000000,0.000000,0.000000,0.207576,-5.279815,3.174821,11.028915,12.018740,17.496355,-3.504452,-2.233146,5.839015,0.000000,0.000000,0.000000,0.106053,-1.025282,0.153608,9.277419,10.239951,18.734035,-2.256995,-1.936786,5.751200,0.000000,0.000000,0.000000,2.061765,-0.612074,-0.828713,8.993690,11.998247,13.730260,-0.501773,-1.728066,5.884105,0.000000,0.000000,0.000000,0.701372,1.090136,-1.984682,NaN,NaN,NaN,NaN,NaN,NaN,NaN,NaN,NaN,NaN,NaN,NaN,NaN,NaN,NaN,NaN,NaN,NaN,NaN,NaN,NaN,NaN,NaN,NaN,NaN,NaN,NaN,NaN,NaN,NaN,NaN,NaN,NaN,NaN,NaN,NaN,NaN,NaN,NaN,NaN,NaN,NaN,NaN,NaN,NaN,NaN,NaN,NaN,NaN,NaN,NaN,NaN,NaN,NaN,NaN,NaN,NaN,NaN,NaN,NaN,NaN,NaN,NaN,NaN,NaN,NaN,NaN,NaN,NaN,NaN,NaN,NaN,NaN,NaN,NaN,NaN,NaN,NaN,NaN,NaN,NaN,NaN,NaN,NaN,NaN,NaN,NaN,NaN,NaN,NaN,NaN,NaN,NaN,NaN,NaN,NaN,NaN,NaN,NaN,NaN,NaN,NaN,NaN,NaN,NaN,NaN,NaN,NaN,NaN,NaN,NaN,NaN,NaN,NaN,NaN,NaN,NaN,NaN,NaN,NaN,NaN,NaN,NaN,NaN,NaN,NaN,NaN,NaN,NaN,NaN,NaN,NaN,NaN,NaN,NaN,NaN,NaN,NaN,NaN,NaN,NaN,NaN,NaN,NaN,NaN,NaN,NaN,NaN,NaN,NaN,NaN,NaN,NaN,NaN,NaN,NaN,NaN,NaN,NaN,NaN,NaN,NaN,NaN,NaN,NaN,NaN,NaN,NaN,NaN,NaN,NaN,NaN,NaN,NaN,NaN,NaN,NaN,NaN,NaN,NaN,NaN,NaN,NaN,NaN,NaN,NaN,NaN,NaN,NaN,NaN,NaN,NaN,NaN,NaN,NaN,NaN,NaN,NaN,NaN,NaN,NaN,NaN,NaN,NaN,NaN,NaN,NaN,NaN,NaN,NaN,NaN,NaN,NaN,NaN,NaN,NaN,NaN,NaN,NaN,NaN,NaN,NaN,NaN,NaN,NaN,NaN,NaN,NaN,NaN,NaN,NaN,NaN,NaN,NaN,NaN,NaN,NaN,NaN,NaN,NaN,NaN,NaN,NaN,NaN,NaN,NaN,NaN,NaN,NaN,NaN,NaN,NaN,NaN,NaN,NaN,NaN,NaN,NaN,NaN,NaN,NaN,NaN,NaN,NaN,NaN,NaN,NaN,NaN,NaN,NaN,NaN,NaN,NaN,NaN,NaN,NaN,NaN,NaN,NaN,NaN,NaN,NaN,NaN,NaN,NaN,NaN,NaN,NaN,NaN,NaN,NaN,NaN,NaN,NaN,NaN,NaN,NaN,NaN,NaN,NaN,NaN,NaN,NaN,NaN,NaN,NaN,NaN,NaN,NaN,NaN,NaN,NaN,NaN,NaN,NaN,NaN,NaN,NaN,NaN,NaN,NaN,NaN,NaN,NaN,NaN,NaN,NaN,NaN,NaN,NaN,NaN,NaN,NaN,NaN,NaN,NaN,NaN,NaN,NaN,NaN,NaN,NaN,NaN,NaN,NaN,NaN,NaN,NaN,NaN,NaN,NaN,NaN,NaN,NaN,NaN,NaN,NaN,NaN,NaN,NaN,NaN,NaN,NaN,NaN,NaN,NaN,NaN,NaN,NaN,NaN,NaN,NaN,NaN,NaN,NaN,NaN,NaN,NaN,NaN,NaN,NaN,NaN,NaN,NaN,NaN,NaN,NaN,NaN,NaN,NaN,NaN,NaN,NaN,NaN,NaN,NaN,NaN,NaN,NaN,NaN,NaN,NaN,NaN,NaN,NaN,NaN,NaN,NaN,NaN,NaN,NaN,NaN,NaN,NaN,NaN,NaN,NaN,NaN,NaN,NaN,NaN,NaN,NaN,NaN,NaN,NaN,NaN,NaN,NaN,NaN,NaN,NaN,NaN,NaN,NaN,NaN,NaN,NaN,NaN,NaN,NaN,NaN,NaN,NaN,NaN,NaN,NaN,NaN,NaN,NaN,NaN,NaN,NaN,NaN,NaN,NaN,NaN,NaN,NaN,NaN,NaN,NaN,NaN,NaN,NaN,NaN,NaN,NaN,NaN,NaN,NaN,NaN,NaN,NaN,NaN,NaN,NaN,NaN,NaN,NaN,NaN,NaN,NaN,NaN,NaN,NaN,NaN,NaN,NaN,NaN,NaN,NaN,NaN,NaN,NaN,NaN,NaN,NaN,NaN,NaN,NaN,NaN,NaN,NaN,NaN,NaN,NaN,NaN,NaN,NaN,NaN,NaN,NaN,NaN,NaN,NaN,NaN,NaN,NaN,NaN,NaN,NaN,NaN,NaN,NaN,NaN,NaN,NaN,NaN,NaN,NaN,NaN,NaN,NaN,NaN,NaN,NaN,NaN,NaN,NaN,NaN,NaN,NaN,NaN,NaN,NaN,NaN,NaN,NaN,NaN,NaN,NaN,
SPECA,1396281458,1653343429.60,1653343531.60,33,NaN,NaN,NaN,NaN,NaN,NaN,NaN,NaN,NaN,NaN,NaN,NaN,NaN,NaN,NaN,NaN,NaN,NaN,NaN,NaN,NaN,NaN,NaN,NaN,NaN,NaN,NaN,NaN,NaN,NaN,NaN,NaN,NaN,NaN,NaN,NaN,227.197130,399.840180,139.133100,-134.314330,-30.402342,56.789394,0.000000,0.000000,0.000000,-63.815983,9.677873,66.658531,552.680790,766.273070,304.656520,-184.270080,64.883965,-10.198456,0.000000,0.000000,0.000000,-86.759705,138.175800,44.292004,702.840760,994.072810,549.648560,72.128639,139.330630,-70.378609,0.000000,0.000000,0.000000,-28.456306,318.221100,314.686550,2535.248000,4145.799800,4808.437500,1947.586200,1273.746300,82.365898,0.000000,0.000000,0.000000,886.991150,2739.974600,3789.515900,5813.037600,13540.296000,16136.150000,6688.908200,3344.667200,785.864870,0.000000,0.000000,0.000000,2391.709700,8249.980500,13729.519000,4829.574200,11721.423000,13453.506000,5265.520500,2155.191400,2025.750000,0.000000,0.000000,0.000000,905.726560,6505.423800,11272.471000,3052.697000,8378.210000,9352.288100,2767.020500,1199.347200,1606.499300,0.000000,0.000000,0.000000,260.976100,3904.414600,7751.340800,907.632570,3312.478000,3646.846400,844.171260,386.895630,438.473570,0.000000,0.000000,0.000000,233.753100,1278.512000,3085.091800,298.683620,714.937380,919.797730,-10.017092,-106.616740,266.725620,0.000000,0.000000,0.000000,-94.928757,305.771880,469.149720,222.748670,537.368650,785.310180,-51.642765,3.168088,45.883575,0.000000,0.000000,0.000000,-11.926796,250.944340,296.392240,301.570220,1087.859900,1032.221800,-351.067660,-75.618645,267.781590,0.000000,0.000000,0.000000,-10.149988,-23.948057,548.145510,677.904600,2029.208300,1571.774200,-837.964360,-139.828190,410.313600,0.000000,0.000000,0.000000,-64.054367,-91.045288,912.104550,749.817320,1436.668700,1582.422600,-616.526310,2.862794,162.274960,0.000000,0.000000,0.000000,-12.882678,230.756270,455.589480,631.141780,962.006960,1885.594800,-445.180390,-103.616750,227.753830,0.000000,0.000000,0.000000,34.722900,149.121080,359.136140,531.270260,972.578800,1736.514800,-364.207980,27.565197,76.795280,0.000000,0.000000,0.000000,-18.427679,154.896880,534.912720,485.561520,1082.490200,1251.470700,-433.261110,-77.869835,222.465380,0.000000,0.000000,0.000000,2.627237,150.930050,457.286290,327.787110,860.799380,1219.790300,-264.429690,-79.209404,305.341430,0.000000,0.000000,0.000000,-60.144577,152.368420,490.778750,308.622160,709.817810,1142.234000,-218.542240,-21.515623,175.968900,0.000000,0.000000,0.000000,-40.817223,129.144930,487.739320,298.225280,779.880310,995.029360,-281.979520,25.789883,113.019840,0.000000,0.000000,0.000000,-25.808138,70.574127,396.924650,268.393830,743.839660,1178.048500,-236.364070,-30.869659,254.467760,0.000000,0.000000,0.000000,-79.786392,51.212669,386.567960,377.193480,859.615970,1337.276500,-343.360470,-73.066040,303.757690,0.000000,0.000000,0.000000,-89.431969,-5.765604,406.935390,395.117280,776.151610,1036.831500,-336.006710,75.928833,-8.367612,0.000000,0.000000,0.000000,61.940834,51.340199,330.678680,203.426610,716.355220,788.976870,-201.544780,37.718117,68.833481,0.000000,0.000000,0.000000,63.967735,-14.912003,420.651920,118.643300,442.285430,710.680600,-94.172607,5.988560,126.557160,0.000000,0.000000,0.000000,49.988186,-23.523630,291.760190,127.296510,400.232120,880.279850,-138.325650,5.856131,155.360410,0.000000,0.000000,0.000000,12.697407,-15.982056,255.007250,214.934890,495.869450,779.783330,-200.388170,74.205276,31.730642,0.000000,0.000000,0.000000,3.966779,39.785076,253.326830,261.289120,671.703550,856.407410,-281.717380,122.901410,-25.427820,0.000000,0.000000,0.000000,53.605892,-62.665878,439.588440,257.002750,680.627990,888.191710,-293.030090,12.854511,180.235020,0.000000,0.000000,0.000000,30.123709,-98.021111,439.205200,213.075530,618.854680,959.132750,-223.651110,-32.872269,209.704480,0.000000,0.000000,0.000000,-15.803276,-59.510586,366.938080,153.864820,416.575470,790.881960,-128.240890,4.133482,86.099312,0.000000,0.000000,0.000000,18.437254,-13.077597,285.559200,172.938510,353.100520,678.069520,-158.022460,19.259659,145.326510,0.000000,0.000000,0.000000,12.460254,-21.973087,205.634510,102.666470,244.176190,578.108460,-102.352840,14.093781,60.192787,0.000000,0.000000,0.000000,-3.635411,-8.321218,116.055680,81.869675,258.428470,462.158630,-85.215057,24.724266,60.554298,0.000000,0.000000,0.000000,3.802753,-27.809662,152.415600,76.984863,235.889570,358.997620,-84.331779,-7.010684,53.697914,0.000000,0.000000,0.000000,6.671446,-34.202282,132.082120,76.919403,236.269490,357.273010,-72.503006,3.817548,29.996696,0.000000,0.000000,0.000000,8.568972,38.886150,60.487286,75.254745,184.819150,352.223180,-53.925266,-3.778418,80.623421,0.000000,0.000000,0.000000,-7.071502,27.447458,71.681114,62.673424,163.187850,305.232480,-46.972816,20.120766,46.189751,0.000000,0.000000,0.000000,-1.859550,22.934124,65.018623,62.455360,114.337040,276.790100,-46.033882,10.763289,23.380047,0.000000,0.000000,0.000000,5.628644,11.225559,57.754433,53.125324,138.690340,288.624760,-41.345444,2.533251,27.088627,0.000000,0.000000,0.000000,-8.751570,14.397081,56.609261,45.854069,135.290360,294.725130,-37.216175,-5.996797,67.934090,0.000000,0.000000,0.000000,-14.251745,30.861078,30.555618,48.420135,119.268360,293.242580,-35.411407,-4.449730,48.973984,0.000000,0.000000,0.000000,-19.452351,5.495703,64.895638,38.338764,123.960720,271.191310,-36.420940,4.728994,60.862026,0.000000,0.000000,0.000000,-7.464158,-8.035571,81.418503,41.493469,95.383240,153.773120,-29.658764,2.693623,44.016563,0.000000,0.000000,0.000000,-3.392519,4.857407,49.344379,44.373638,78.361984,144.401640,-33.274734,9.962669,20.837219,0.000000,0.000000,0.000000,4.407116,5.348672,30.820448,30.847527,76.248505,178.919850,-25.369841,5.406879,29.872377,0.000000,0.000000,0.000000,-5.550286,21.646292,15.126667,30.292402,69.670677,180.282940,-16.893208,7.458126,46.536366,0.000000,0.000000,0.000000,-10.450453,18.852798,24.856426,32.034275,62.291351,153.375600,-15.822617,8.903437,39.581234,0.000000,0.000000,0.000000,4.064725,-1.112233,44.161190,37.394970,63.766247,141.783890,-26.204693,7.232878,29.994005,0.000000,0.000000,0.000000,8.545607,-0.252905,29.711901,33.907776,63.790226,124.508810,-28.293056,-5.849548,18.961182,0.000000,0.000000,0.000000,-0.605497,0.714749,33.235096,26.365774,57.990479,106.537410,-21.825682,-9.483955,22.476849,0.000000,0.000000,0.000000,-6.191242,10.245015,20.200083,26.394083,43.775032,78.316490,-16.412498,5.042088,15.527082,0.000000,0.000000,0.000000,-1.136564,4.584261,5.892341,21.293585,42.082520,131.619310,-11.095037,12.418118,25.717508,0.000000,0.000000,0.000000,0.976251,1.083554,25.549673,23.494190,39.066914,125.473370,-11.323132,5.715142,24.956804,0.000000,0.000000,0.000000,1.277434,4.721192,22.471378,24.194239,33.707306,81.401390,-14.078833,10.248916,7.348272,0.000000,0.000000,0.000000,0.986884,8.557787,7.118519,18.284174,26.883812,63.918831,-9.871634,3.030229,9.292069,0.000000,0.000000,0.000000,-1.908763,7.203525,3.248533,15.896665,27.520142,52.989212,-9.721194,2.407835,5.194303,0.000000,0.000000,0.000000,-0.312315,0.704723,12.215195,16.117455,46.829117,64.787201,-11.999073,3.163486,10.032888,0.000000,0.000000,0.000000,3.784146,-4.020221,18.599125,15.169909,39.642487,69.720779,-6.344145,8.353051,12.830134,0.000000,0.000000,0.000000,-1.451636,-2.901949,9.181190,15.868051,31.353607,62.948357,-5.989423,0.808199,17.784754,0.000000,0.000000,0.000000,-2.130843,1.559720,6.800644,17.674475,37.329887,53.344467,-10.051921,-3.635236,18.949924,0.000000,0.000000,0.000000,-3.138537,4.436338,2.941370,15.749240,39.542126,49.759102,-12.017604,-2.916734,17.144831,0.000000,0.000000,0.000000,-4.648920,1.972720,4.529490,20.363523,50.543716,49.448948,-13.917299,-0.632623,14.658657,0.000000,0.000000,0.000000,-3.004303,1.726898,0.834600,20.017542,42.951431,36.641697,-14.075970,1.542232,5.615940,0.000000,0.000000,0.000000,-7.892322,4.408327,2.404810,15.134709,38.132942,28.624090,-14.860033,4.652359,0.087080,0.000000,0.000000,0.000000,-5.260613,-3.143863,3.882251,20.408140,35.502853,26.923513,-12.488805,6.913101,2.514076,0.000000,0.000000,0.000000,-3.647802,-2.488443,3.807150,16.160557,29.551855,19.628384,-11.164157,4.008352,5.870469,0.000000,0.000000,0.000000,-0.034209,0.472328,3.071291,18.729317,37.795948,26.483139,-15.320336,2.011159,11.486897,0.000000,0.000000,0.000000,1.401221,-4.026567,11.463857,16.748962,37.174488,30.821455,-11.491587,1.753037,10.032089,0.000000,0.000000,0.000000,4.097687,-3.981528,10.581812,11.918335,29.569054,25.651943,-6.309905,0.056320,11.441401,0.000000,0.000000,0.000000,1.140974,-1.690575,0.284536,12.856056,21.904276,28.712133,-4.921902,-3.861908,12.084633,0.000000,0.000000,0.000000,-1.728782,3.362808,-1.785834,12.241177,22.143244,27.817955,-4.873843,-7.363647,9.146051,0.000000,0.000000,0.000000,-3.165548,0.888899,6.505651,14.857833,26.196716,20.068964,-9.315652,-5.787048,7.453035,0.000000,0.000000,0.000000,-2.086309,-1.212220,5.430793,14.722255,23.488274,28.396477,-7.310629,0.407598,9.547970,0.000000,0.000000,0.000000,-0.025266,2.166270,1.458809,13.329451,18.979698,26.999695,-3.681292,3.240119,10.317492,0.000000,0.000000,0.000000,-1.900255,3.838028,-0.209521,11.294995,15.874002,21.525640,-2.743362,0.266778,7.523181,0.000000,0.000000,0.000000,-2.199752,2.100179,1.768236,8.385613,14.322717,20.499004,-2.472624,-0.181866,6.582452,0.000000,0.000000,0.000000,-1.854937,2.612690,2.271674,7.104906,12.735314,14.636000,-2.273541,0.183910,2.904780,0.000000,0.000000,0.000000,0.306171,-1.941045,-0.179578,10.648280,13.377838,15.198310,-4.246905,1.086936,1.671068,0.000000,0.000000,0.000000,-0.076957,-2.987439,1.843885,10.451714,8.745078,13.093271,-1.762573,0.322616,2.429152,0.000000,0.000000,0.000000,-0.123719,-2.100022,1.085082,NaN,NaN,NaN,NaN,NaN,NaN,NaN,NaN,NaN,NaN,NaN,NaN,NaN,NaN,NaN,NaN,NaN,NaN,NaN,NaN,NaN,NaN,NaN,NaN,NaN,NaN,NaN,NaN,NaN,NaN,NaN,NaN,NaN,NaN,NaN,NaN,NaN,NaN,NaN,NaN,NaN,NaN,NaN,NaN,NaN,NaN,NaN,NaN,NaN,NaN,NaN,NaN,NaN,NaN,NaN,NaN,NaN,NaN,NaN,NaN,NaN,NaN,NaN,NaN,NaN,NaN,NaN,NaN,NaN,NaN,NaN,NaN,NaN,NaN,NaN,NaN,NaN,NaN,NaN,NaN,NaN,NaN,NaN,NaN,NaN,NaN,NaN,NaN,NaN,NaN,NaN,NaN,NaN,NaN,NaN,NaN,NaN,NaN,NaN,NaN,NaN,NaN,NaN,NaN,NaN,NaN,NaN,NaN,NaN,NaN,NaN,NaN,NaN,NaN,NaN,NaN,NaN,NaN,NaN,NaN,NaN,NaN,NaN,NaN,NaN,NaN,NaN,NaN,NaN,NaN,NaN,NaN,NaN,NaN,NaN,NaN,NaN,NaN,NaN,NaN,NaN,NaN,NaN,NaN,NaN,NaN,NaN,NaN,NaN,NaN,NaN,NaN,NaN,NaN,NaN,NaN,NaN,NaN,NaN,NaN,NaN,NaN,NaN,NaN,NaN,NaN,NaN,NaN,NaN,NaN,NaN,NaN,NaN,NaN,NaN,NaN,NaN,NaN,NaN,NaN,NaN,NaN,NaN,NaN,NaN,NaN,NaN,NaN,NaN,NaN,NaN,NaN,NaN,NaN,NaN,NaN,NaN,NaN,NaN,NaN,NaN,NaN,NaN,NaN,NaN,NaN,NaN,NaN,NaN,NaN,NaN,NaN,NaN,NaN,NaN,NaN,NaN,NaN,NaN,NaN,NaN,NaN,NaN,NaN,NaN,NaN,NaN,NaN,NaN,NaN,NaN,NaN,NaN,NaN,NaN,NaN,NaN,NaN,NaN,NaN,NaN,NaN,NaN,NaN,NaN,NaN,NaN,NaN,NaN,NaN,NaN,NaN,NaN,NaN,NaN,NaN,NaN,NaN,NaN,NaN,NaN,NaN,NaN,NaN,NaN,NaN,NaN,NaN,NaN,NaN,NaN,NaN,NaN,NaN,NaN,NaN,NaN,NaN,NaN,NaN,NaN,NaN,NaN,NaN,NaN,NaN,NaN,NaN,NaN,NaN,NaN,NaN,NaN,NaN,NaN,NaN,NaN,NaN,NaN,NaN,NaN,NaN,NaN,NaN,NaN,NaN,NaN,NaN,NaN,NaN,NaN,NaN,NaN,NaN,NaN,NaN,NaN,NaN,NaN,NaN,NaN,NaN,NaN,NaN,NaN,NaN,NaN,NaN,NaN,NaN,NaN,NaN,NaN,NaN,NaN,NaN,NaN,NaN,NaN,NaN,NaN,NaN,NaN,NaN,NaN,NaN,NaN,NaN,NaN,NaN,NaN,NaN,NaN,NaN,NaN,NaN,NaN,NaN,NaN,NaN,NaN,NaN,NaN,NaN,NaN,NaN,NaN,NaN,NaN,NaN,NaN,NaN,NaN,NaN,NaN,NaN,NaN,NaN,NaN,NaN,NaN,NaN,NaN,NaN,NaN,NaN,NaN,NaN,NaN,NaN,NaN,NaN,NaN,NaN,NaN,NaN,NaN,NaN,NaN,NaN,NaN,NaN,NaN,NaN,NaN,NaN,NaN,NaN,NaN,NaN,NaN,NaN,NaN,NaN,NaN,NaN,NaN,NaN,NaN,NaN,NaN,NaN,NaN,NaN,NaN,NaN,NaN,NaN,NaN,NaN,NaN,NaN,NaN,NaN,NaN,NaN,NaN,NaN,NaN,NaN,NaN,NaN,NaN,NaN,NaN,NaN,NaN,NaN,NaN,NaN,NaN,NaN,NaN,NaN,NaN,NaN,NaN,NaN,NaN,NaN,NaN,NaN,NaN,NaN,NaN,NaN,NaN,NaN,NaN,NaN,NaN,NaN,NaN,NaN,NaN,NaN,NaN,NaN,NaN,NaN,NaN,NaN,NaN,NaN,NaN,NaN,NaN,NaN,NaN,NaN,NaN,NaN,NaN,NaN,NaN,NaN,NaN,NaN,NaN,NaN,NaN,NaN,NaN,NaN,NaN,NaN,NaN,NaN,NaN,NaN,NaN,NaN,NaN,NaN,NaN,NaN,NaN,NaN,NaN,NaN,NaN,NaN,NaN,NaN,NaN,NaN,NaN,NaN,NaN,NaN,NaN,NaN,NaN,NaN,NaN,NaN,NaN,NaN,NaN,NaN,NaN,NaN,NaN,NaN,NaN,NaN,NaN,NaN,NaN,NaN,NaN,NaN,
SPECA,1398079662,1653345229.60,1653345331.60,33,NaN,NaN,NaN,NaN,NaN,NaN,NaN,NaN,NaN,NaN,NaN,NaN,NaN,NaN,NaN,NaN,NaN,NaN,NaN,NaN,NaN,NaN,NaN,NaN,NaN,NaN,NaN,NaN,NaN,NaN,NaN,NaN,NaN,NaN,NaN,NaN,270.315770,512.495790,198.862430,-110.578830,45.698315,-68.697639,0.000000,0.000000,0.000000,-30.960161,-0.981142,-23.646482,771.397030,815.508240,560.171570,-195.455260,99.790108,-61.804653,0.000000,0.000000,0.000000,-3.499688,40.773373,4.993225,812.300110,895.288390,610.393190,-170.691620,-24.381454,23.214325,0.000000,0.000000,0.000000,4.551352,182.328430,197.150100,1693.962800,5199.858400,3666.206800,1327.410500,220.237660,843.068910,0.000000,0.000000,0.000000,-422.221410,1859.153900,3383.646200,7931.390600,17048.313000,18108.666000,8233.960000,1940.117700,2902.832500,0.000000,0.000000,0.000000,-622.001400,10825.404000,15191.892000,9199.373000,17101.676000,18269.820000,8278.556600,2879.144500,2694.082800,0.000000,0.000000,0.000000,558.456790,11281.128000,14933.820000,4575.552200,9561.374000,12102.774000,4561.329100,1515.768400,1475.147500,0.000000,0.000000,0.000000,662.599060,6136.050300,9578.913100,937.979190,3737.946300,4464.653300,1077.836100,241.666350,882.288510,0.000000,0.000000,0.000000,-41.881050,1613.501000,3406.729200,266.552890,1072.939800,915.661010,-39.725330,62.153854,231.342470,0.000000,0.000000,0.000000,-75.357422,219.071640,528.787720,278.957640,701.838680,723.739260,-184.743700,45.751976,-45.094612,0.000000,0.000000,0.000000,75.636909,204.311200,182.898680,307.705990,647.828740,736.125920,-257.310390,23.926008,61.326801,0.000000,0.000000,0.000000,14.502478,67.544556,208.301670,557.825440,1485.580400,1793.746900,-582.997500,-104.822430,418.839870,0.000000,0.000000,0.000000,50.969334,-85.753220,830.850770,887.133120,1597.179100,2154.973100,-816.258730,-210.593570,450.416110,0.000000,0.000000,0.000000,-2.577835,45.025360,777.310490,733.375000,1150.601200,1660.435700,-640.313840,-28.048742,153.031300,0.000000,0.000000,0.000000,43.307278,61.278526,299.454380,530.551030,696.006960,1407.855100,-375.065950,-79.024666,221.638500,0.000000,0.000000,0.000000,56.187389,200.186600,166.589900,404.644410,669.257080,1092.248300,-284.714970,15.205549,168.674040,0.000000,0.000000,0.000000,-45.560097,301.791780,56.794853,286.889530,679.276180,1101.721100,-214.736880,148.544010,-104.288940,0.000000,0.000000,0.000000,37.335106,251.598970,228.885500,229.630430,634.005130,1258.365500,-201.022510,57.827324,98.449905,0.000000,0.000000,0.000000,-6.453921,141.774430,326.303530,293.861760,767.463750,1182.959700,-284.208130,-102.750360,379.835690,0.000000,0.000000,0.000000,-97.782158,155.606400,217.924000,288.630680,797.218930,1342.238600,-234.399200,10.624973,253.904400,0.000000,0.000000,0.000000,17.151381,44.800583,324.132720,293.562840,673.766170,1338.161900,-196.622480,37.550591,40.457844,0.000000,0.000000,0.000000,-20.694614,71.032242,268.688690,276.695680,791.892940,1195.877900,-256.017820,-133.317290,318.191350,0.000000,0.000000,0.000000,-67.513687,95.945412,365.640500,242.256500,751.280880,910.789860,-251.314910,-22.260551,281.523190,0.000000,0.000000,0.000000,-21.256130,85.096428,316.768400,249.529890,628.371700,529.208310,-250.789780,16.285471,129.317000,0.000000,0.000000,0.000000,54.997223,11.042719,262.718230,241.360760,439.493770,555.313660,-207.461900,-42.164211,165.156160,0.000000,0.000000,0.000000,38.199772,25.820654,153.408520,185.586750,502.419650,705.398560,-213.447240,-75.387573,202.746460,0.000000,0.000000,0.000000,31.737972,-65.044708,215.108580,222.341740,442.186430,708.218630,-226.284820,-52.882919,89.215950,0.000000,0.000000,0.000000,2.502251,-34.384541,184.314910,254.011840,566.668880,614.182860,-283.473540,-85.699730,61.064095,0.000000,0.000000,0.000000,20.341614,-72.793457,207.916150,180.231080,529.614870,697.484920,-187.823730,-44.559433,10.405649,0.000000,0.000000,0.000000,12.687346,-65.393661,276.052520,149.125520,525.982670,662.016170,-164.522900,4.070833,-32.546501,0.000000,0.000000,0.000000,2.420747,-10.674375,268.659790,140.344280,357.028810,485.939670,-123.218350,-29.815788,98.148872,0.000000,0.000000,0.000000,11.037131,37.945629,119.448500,114.996840,260.783420,480.268620,-90.934258,-13.589795,22.654865,0.000000,0.000000,0.000000,4.016437,12.936038,103.828350,99.088982,305.203580,613.815800,-106.437670,-11.607740,57.621967,0.000000,0.000000,0.000000,-8.540453,-73.115585,233.906450,104.775110,306.213650,642.419740,-102.537190,-11.102994,94.640076,0.000000,0.000000,0.000000,15.168409,-104.752590,257.403440,106.209980,235.624570,421.241700,-83.076561,4.155871,79.125031,0.000000,0.000000,0.000000,3.536438,-15.390181,83.013008,93.362450,180.861630,418.033020,-56.363514,6.163368,71.667793,0.000000,0.000000,0.000000,-1.021682,21.248468,51.854282,73.433990,224.846540,389.883670,-36.186012,29.791353,76.424118,0.000000,0.000000,0.000000,17.698385,21.355301,80.511925,53.886326,203.100950,315.658020,-29.529615,12.312757,56.085831,0.000000,0.000000,0.000000,5.507722,22.297276,109.204670,72.161575,165.847350,354.999360,-53.003910,18.811443,41.866592,0.000000,0.000000,0.000000,1.057891,29.253447,88.522797,54.736519,170.902360,282.257450,-51.500900,-2.521082,70.337296,0.000000,0.000000,0.000000,-3.427704,9.688530,81.273109,47.770794,184.716690,244.888980,-53.647476,-13.002632,53.214603,0.000000,0.000000,0.000000,-9.882206,-9.508318,91.134834,30.254072,115.193420,259.214230,-16.338491,9.484560,5.810621,0.000000,0.000000,0.000000,4.808614,-1.712804,91.437164,38.715935,101.233730,206.407000,-21.301012,21.304028,26.430746,0.000000,0.000000,0.000000,8.636694,14.487874,45.423126,36.981400,82.340050,166.422130,-25.857281,19.417751,19.775576,0.000000,0.000000,0.000000,6.519982,-5.782735,36.561787,36.355003,76.503799,190.381810,-22.761663,21.906738,10.303701,0.000000,0.000000,0.000000,3.717396,-5.910123,56.916546,40.962494,67.449348,143.982220,-23.050259,29.201546,5.030622,0.000000,0.000000,0.000000,1.217597,-0.517805,37.220901,34.552227,69.619415,137.632840,-20.936441,8.035813,26.164293,0.000000,0.000000,0.000000,-8.884829,2.655811,43.715839,24.506931,62.123028,144.289230,-16.611753,0.099053,38.956680,0.000000,0.000000,0.000000,-8.667850,5.334428,33.504269,22.879425,54.476223,138.286500,-12.647703,13.305281,18.431337,0.000000,0.000000,0.000000,2.549512,10.219808,17.749081,23.919291,48.702099,140.560150,-8.686522,9.978050,17.319639,0.000000,0.000000,0.000000,4.538464,11.651958,34.109558,23.326723,41.533985,131.788310,-5.500901,-0.228221,20.780317,0.000000,0.000000,0.000000,-2.543927,15.718779,32.675907,18.764669,33.269234,135.109560,-9.546944,5.916625,1.263556,0.000000,0.000000,0.000000,-2.990357,7.389319,15.587261,18.477974,36.455498,141.678300,-10.948468,9.772471,1.660728,0.000000,0.000000,0.000000,1.765061,4.413357,14.060407,15.139669,35.363541,119.442770,-6.536025,0.766496,19.371517,0.000000,0.000000,0.000000,3.404697,2.233773,5.242597,20.689535,33.173347,91.884995,-10.518160,-0.559384,16.859909,0.000000,0.000000,0.000000,1.497149,-3.589241,11.498042,22.016371,27.550482,85.189667,-9.034451,2.029622,11.115562,0.000000,0.000000,0.000000,1.096441,8.547040,10.912092,18.117138,25.553314,62.025024,-8.930158,10.701030,5.721545,0.000000,0.000000,0.000000,1.101005,2.290908,12.863570,15.475075,24.840307,54.996975,-7.737577,5.209519,4.590973,0.000000,0.000000,0.000000,4.217346,0.285416,11.191332,19.306944,29.164305,51.377922,-9.476807,0.558942,7.831676,0.000000,0.000000,0.000000,0.043593,1.408604,3.948314,15.151898,32.507202,46.694458,-6.678402,4.706861,7.966155,0.000000,0.000000,0.000000,-2.750083,1.397111,7.278247,12.841793,30.611115,48.263424,-9.425612,0.612733,12.209178,0.000000,0.000000,0.000000,0.734268,-1.440989,11.335989,15.877482,29.000525,55.489548,-10.022911,-2.917175,9.796570,0.000000,0.000000,0.000000,-0.424890,-1.202034,20.858450,16.271267,28.439224,40.999271,-8.229070,-4.255549,4.160423,0.000000,0.000000,0.000000,-4.482533,1.016637,17.213978,14.967331,25.237970,43.359932,-7.473443,-1.551397,12.519062,0.000000,0.000000,0.000000,-5.836353,6.319327,-1.296447,18.007156,26.267174,42.165268,-8.643598,-1.406072,15.043415,0.000000,0.000000,0.000000,-5.070724,4.931982,-1.844084,18.050222,25.414270,37.557072,-7.697790,-4.754910,11.333029,0.000000,0.000000,0.000000,-3.221241,1.635079,9.242094,16.608980,24.130625,31.895479,-7.304070,-2.455275,6.991094,0.000000,0.000000,0.000000,-1.906622,-0.226254,5.193034,11.767549,25.085806,28.536102,-1.482589,1.300869,8.327042,0.000000,0.000000,0.000000,2.182038,0.893328,7.712171,11.509491,20.638700,19.061174,-1.989818,0.545381,3.451895,0.000000,0.000000,0.000000,-1.195508,-0.446657,7.508110,16.244009,19.535217,29.237539,-6.067912,4.239101,5.698785,0.000000,0.000000,0.000000,-1.884584,-0.556988,3.002094,13.899364,22.745113,34.616077,-4.405564,2.305150,6.368033,0.000000,0.000000,0.000000,-4.357109,-1.196690,5.183690,13.400287,21.418285,31.857597,-4.282825,0.722946,5.827670,0.000000,0.000000,0.000000,-1.949518,-4.864118,5.390116,18.666950,17.947117,30.190899,-6.379678,-1.369603,5.293077,0.000000,0.000000,0.000000,2.701652,-5.938715,6.278834,12.420031,17.027472,20.966049,-3.850451,-0.575103,7.226503,0.000000,0.000000,0.000000,2.761962,-1.794397,5.057487,13.356838,17.389519,26.803925,-5.521819,-2.025440,10.903824,0.000000,0.000000,0.000000,1.487617,-1.541940,6.038171,10.178564,13.356350,19.785078,-3.997981,-3.122717,5.946475,0.000000,0.000000,0.000000,-0.132321,2.936409,2.347386,12.980112,12.296286,12.248164,-4.511121,-0.693114,1.400130,0.000000,0.000000,0.000000,0.505706,1.437588,2.087572,9.157907,11.634816,18.378685,-4.607600,0.871108,2.373364,0.000000,0.000000,0.000000,-1.866264,0.053004,3.979976,7.352542,10.261045,20.240330,-4.054380,-0.802794,2.851329,0.000000,0.000000,0.000000,-1.053467,-0.800702,-0.518405,NaN,NaN,NaN,NaN,NaN,NaN,NaN,NaN,NaN,NaN,NaN,NaN,NaN,NaN,NaN,NaN,NaN,NaN,NaN,NaN,NaN,NaN,NaN,NaN,NaN,NaN,NaN,NaN,NaN,NaN,NaN,NaN,NaN,NaN,NaN,NaN,NaN,NaN,NaN,NaN,NaN,NaN,NaN,NaN,NaN,NaN,NaN,NaN,NaN,NaN,NaN,NaN,NaN,NaN,NaN,NaN,NaN,NaN,NaN,NaN,NaN,NaN,NaN,NaN,NaN,NaN,NaN,NaN,NaN,NaN,NaN,NaN,NaN,NaN,NaN,NaN,NaN,NaN,NaN,NaN,NaN,NaN,NaN,NaN,NaN,NaN,NaN,NaN,NaN,NaN,NaN,NaN,NaN,NaN,NaN,NaN,NaN,NaN,NaN,NaN,NaN,NaN,NaN,NaN,NaN,NaN,NaN,NaN,NaN,NaN,NaN,NaN,NaN,NaN,NaN,NaN,NaN,NaN,NaN,NaN,NaN,NaN,NaN,NaN,NaN,NaN,NaN,NaN,NaN,NaN,NaN,NaN,NaN,NaN,NaN,NaN,NaN,NaN,NaN,NaN,NaN,NaN,NaN,NaN,NaN,NaN,NaN,NaN,NaN,NaN,NaN,NaN,NaN,NaN,NaN,NaN,NaN,NaN,NaN,NaN,NaN,NaN,NaN,NaN,NaN,NaN,NaN,NaN,NaN,NaN,NaN,NaN,NaN,NaN,NaN,NaN,NaN,NaN,NaN,NaN,NaN,NaN,NaN,NaN,NaN,NaN,NaN,NaN,NaN,NaN,NaN,NaN,NaN,NaN,NaN,NaN,NaN,NaN,NaN,NaN,NaN,NaN,NaN,NaN,NaN,NaN,NaN,NaN,NaN,NaN,NaN,NaN,NaN,NaN,NaN,NaN,NaN,NaN,NaN,NaN,NaN,NaN,NaN,NaN,NaN,NaN,NaN,NaN,NaN,NaN,NaN,NaN,NaN,NaN,NaN,NaN,NaN,NaN,NaN,NaN,NaN,NaN,NaN,NaN,NaN,NaN,NaN,NaN,NaN,NaN,NaN,NaN,NaN,NaN,NaN,NaN,NaN,NaN,NaN,NaN,NaN,NaN,NaN,NaN,NaN,NaN,NaN,NaN,NaN,NaN,NaN,NaN,NaN,NaN,NaN,NaN,NaN,NaN,NaN,NaN,NaN,NaN,NaN,NaN,NaN,NaN,NaN,NaN,NaN,NaN,NaN,NaN,NaN,NaN,NaN,NaN,NaN,NaN,NaN,NaN,NaN,NaN,NaN,NaN,NaN,NaN,NaN,NaN,NaN,NaN,NaN,NaN,NaN,NaN,NaN,NaN,NaN,NaN,NaN,NaN,NaN,NaN,NaN,NaN,NaN,NaN,NaN,NaN,NaN,NaN,NaN,NaN,NaN,NaN,NaN,NaN,NaN,NaN,NaN,NaN,NaN,NaN,NaN,NaN,NaN,NaN,NaN,NaN,NaN,NaN,NaN,NaN,NaN,NaN,NaN,NaN,NaN,NaN,NaN,NaN,NaN,NaN,NaN,NaN,NaN,NaN,NaN,NaN,NaN,NaN,NaN,NaN,NaN,NaN,NaN,NaN,NaN,NaN,NaN,NaN,NaN,NaN,NaN,NaN,NaN,NaN,NaN,NaN,NaN,NaN,NaN,NaN,NaN,NaN,NaN,NaN,NaN,NaN,NaN,NaN,NaN,NaN,NaN,NaN,NaN,NaN,NaN,NaN,NaN,NaN,NaN,NaN,NaN,NaN,NaN,NaN,NaN,NaN,NaN,NaN,NaN,NaN,NaN,NaN,NaN,NaN,NaN,NaN,NaN,NaN,NaN,NaN,NaN,NaN,NaN,NaN,NaN,NaN,NaN,NaN,NaN,NaN,NaN,NaN,NaN,NaN,NaN,NaN,NaN,NaN,NaN,NaN,NaN,NaN,NaN,NaN,NaN,NaN,NaN,NaN,NaN,NaN,NaN,NaN,NaN,NaN,NaN,NaN,NaN,NaN,NaN,NaN,NaN,NaN,NaN,NaN,NaN,NaN,NaN,NaN,NaN,NaN,NaN,NaN,NaN,NaN,NaN,NaN,NaN,NaN,NaN,NaN,NaN,NaN,NaN,NaN,NaN,NaN,NaN,NaN,NaN,NaN,NaN,NaN,NaN,NaN,NaN,NaN,NaN,NaN,NaN,NaN,NaN,NaN,NaN,NaN,NaN,NaN,NaN,NaN,NaN,NaN,NaN,NaN,NaN,NaN,NaN,NaN,NaN,NaN,NaN,NaN,NaN,NaN,NaN,NaN,NaN,NaN,NaN,NaN,NaN,NaN,NaN,NaN,NaN,NaN,NaN,NaN,NaN,NaN,NaN,NaN,
