AS_NMS_Mgri_Deep_01	216789	0.0	0.015186285345474058	0.0031513182309124517	0.0017096240212448979	0.00947643928003912	0.018843761482896758	0.000685859755112761	0.0008017816855856815	0.0008730826865432717	0.0002206891581090546	0.0009329648355018876	0.001775322573258329	0.0009289935387093547	0.001469871582660793	0.00039603461293646826	0.001300505019769885	0.0008173002520092331	0.000365700704950511	0.0010386803139504686
AS_NMS_Mgri_Deep_02	216790	0.015186285345474058	0.0	0.017419733141753404	0.01600983327273819	0.008342011373944568	0.004569576173168535	0.01508627436627848	0.015424744795881348	0.015448489623036602	0.015024962169163507	0.015578266573916	0.014445432463597982	0.015383731995371037	0.01619039528123059	0.015070954667365346	0.015941307532027205	0.015171476921424717	0.015179746290368994	0.015260171005722314
AS_NMS_Mgri_Deep_03	216791	0.0031513182309124517	0.017419733141753404	0.0	0.003571756162870296	0.011431729440023497	0.020481902815242193	0.0028517047727245354	0.002857975384655745	0.0034186936689946093	0.0030042335543224593	0.002624639228738557	0.004360733397133416	0.0030698042301095965	0.0041402712777861015	0.0030366767581060487	0.004329358217379913	0.0031465422069261693	0.003180847693957996	0.002532586411593732
AS_NMS_Mgri_Deep_04	216792	0.0017096240212448979	0.01600983327273819	0.003571756162870296	0.0	0.009546452287437706	0.019618694604093274	0.0018020599642482515	0.0012421672448266479	0.0015950336683575393	0.0016303862885050932	0.001835628565300013	0.0018705927157146851	0.001776025921953525	0.0023762990208634578	0.0013661675387993738	0.0023643638509615855	0.0014336280252043483	0.001344588091605708	0.0014983746932099027
AS_NMS_Mgri_Deep_05	216793	0.00947643928003912	0.008342011373944568	0.011431729440023497	0.009546452287437706	0.0	0.011152440417860732	0.009107033766822495	0.009116277060619111	0.009416582790113835	0.009342545715030752	0.009543519076355093	0.008017713209489234	0.009110362801301626	0.01019098895552841	0.009183003630956893	0.010165656344657274	0.008817604383464602	0.009403992390726493	0.008992723324066473
AS_NMS_Mgri_Deep_06	216794	0.018843761482896758	0.004569576173168535	0.020481902815242193	0.019618694604093274	0.011152440417860732	0.0	0.018233139362348418	0.01908231853560937	0.019007988644486398	0.01866052354098432	0.019001448114103453	0.018092254714804766	0.018399225215871763	0.019848388165049538	0.01872912697458112	0.01959932021242152	0.018480884043809383	0.01883797904594345	0.01888685377215451
AS_NMS_Mgri_Deep_07	216795	0.000685859755112761	0.01508627436627848	0.0028517047727245354	0.0018020599642482515	0.009107033766822495	0.018233139362348418	0.0	0.001136151618574837	0.0009002827014423968	0.0005673032650808039	0.001256999505785441	0.0020196841230975507	0.0003630450102696202	0.0020068517992900704	0.000678189572837495	0.00196718585505281	0.0005080462733743468	0.0007925575680287426	0.000973730624399166
AS_NMS_Mgri_Midd_01	216796	0.0008017816855856815	0.015424744795881348	0.002857975384655745	0.0012421672448266479	0.009116277060619111	0.01908231853560937	0.001136151618574837	0.0	0.0010551002148360342	0.0007583918655658056	0.0008114842005760186	0.0016196070891534922	0.0010881367626513548	0.0016582943121211877	0.0007057516523587299	0.0018473501580868554	0.0007878292993999939	0.000752364027956774	0.0006434536587438934
AS_NMS_Mgri_Midd_02	216797	0.0008730826865432717	0.015448489623036602	0.0034186936689946093	0.0015950336683575393	0.009416582790113835	0.019007988644486398	0.0009002827014423968	0.0010551002148360342	0.0	0.000776959728174087	0.0014664706881097232	0.0019037013989601057	0.0008452699509754878	0.0021323584506291234	0.0009541263195697852	0.0020553145257228614	0.0008984952148951733	0.0008809385272573819	0.0010034662943262406
AS_NMS_Mgri_Midd_03	216798	0.0002206891581090546	0.015024962169163507	0.0030042335543224593	0.0016303862885050932	0.009342545715030752	0.01866052354098432	0.0005673032650808039	0.0007583918655658056	0.000776959728174087	0.0	0.0008601437734796654	0.0016961127799093754	0.0007732149637118561	0.0015426302124301027	0.00040733810991495743	0.0014487809527663834	0.000640349023716113	0.0002972641661159126	0.0009024158282636256
AS_NMS_Mgri_Midd_04	216799	0.0009329648355018876	0.015578266573916	0.002624639228738557	0.001835628565300013	0.009543519076355093	0.019001448114103453	0.001256999505785441	0.0008114842005760186	0.0014664706881097232	0.0008601437734796654	0.0	0.002156623612880631	0.0015330849906113235	0.0015349254531618083	0.0008926017491519777	0.001761465986389741	0.0013096801314817904	0.0008709490019309825	0.0007111550277110152
AS_NMS_Mgri_Midd_05	216800	0.001775322573258329	0.014445432463597982	0.004360733397133416	0.0018705927157146851	0.008017713209489234	0.018092254714804766	0.0020196841230975507	0.0016196070891534922	0.0019037013989601057	0.0016961127799093754	0.002156623612880631	0.0	0.001957976278562899	0.0026755074494501474	0.00145025820842506	0.0026253032262531315	0.0016772556140778063	0.001548616216589954	0.0019444378592016506
AS_NMS_Mgri_Midd_06	216801	0.0009289935387093547	0.015383731995371037	0.0030698042301095965	0.001776025921953525	0.009110362801301626	0.018399225215871763	0.0003630450102696202	0.0010881367626513548	0.0008452699509754878	0.0007732149637118561	0.0015330849906113235	0.001957976278562899	0.0	0.002280570868938278	0.0009751775000800401	0.002221810164682341	0.0003666444702801452	0.0010473310958704015	0.0009840534205028224
AS_NMS_Mgri_Shall_01	216802	0.001469871582660793	0.01619039528123059	0.0041402712777861015	0.0023762990208634578	0.01019098895552841	0.019848388165049538	0.0020068517992900704	0.0016582943121211877	0.0021323584506291234	0.0015426302124301027	0.0015349254531618083	0.0026755074494501474	0.002280570868938278	0.0	0.0016216199750504843	0.000765279796180452	0.0020485987513531247	0.0012593727597396396	0.001996153535054538
AS_NMS_Mgri_Shall_02	216803	0.00039603461293646826	0.015070954667365346	0.0030366767581060487	0.0013661675387993738	0.009183003630956893	0.01872912697458112	0.000678189572837495	0.0007057516523587299	0.0009541263195697852	0.00040733810991495743	0.0008926017491519777	0.00145025820842506	0.0009751775000800401	0.0016216199750504843	0.0	0.001581898191725863	0.0007333929015209605	0.0004233613060857014	0.0008972919910121989
AS_NMS_Mgri_Shall_03	216804	0.001300505019769885	0.015941307532027205	0.004329358217379913	0.0023643638509615855	0.010165656344657274	0.01959932021242152	0.00196718585505281	0.0018473501580868554	0.0020553145257228614	0.0014487809527663834	0.001761465986389741	0.0026253032262531315	0.002221810164682341	0.000765279796180452	0.001581898191725863	0.0	0.0020089328071158643	0.0011748681370871818	0.002185452937240074
AS_NMS_Mgri_Shall_04	216805	0.0008173002520092331	0.015171476921424717	0.0031465422069261693	0.0014336280252043483	0.008817604383464602	0.018480884043809383	0.0005080462733743468	0.0007878292993999939	0.0008984952148951733	0.000640349023716113	0.0013096801314817904	0.0016772556140778063	0.0003666444702801452	0.0020485987513531247	0.0007333929015209605	0.0020089328071158643	0.0	0.0008443033930634015	0.0007750413045058946
AS_NMS_Mgri_Shall_05	216806	0.000365700704950511	0.015179746290368994	0.003180847693957996	0.001344588091605708	0.009403992390726493	0.01883797904594345	0.0007925575680287426	0.000752364027956774	0.0008809385272573819	0.0002972641661159126	0.0008709490019309825	0.001548616216589954	0.0010473310958704015	0.0012593727597396396	0.0004233613060857014	0.0011748681370871818	0.0008443033930634015	0.0	0.001029081493271705
AS_NMS_Mgri_Shall_06	216807	0.0010386803139504686	0.015260171005722314	0.002532586411593732	0.0014983746932099027	0.008992723324066473	0.01888685377215451	0.000973730624399166	0.0006434536587438934	0.0010034662943262406	0.0009024158282636256	0.0007111550277110152	0.0019444378592016506	0.0009840534205028224	0.001996153535054538	0.0008972919910121989	0.002185452937240074	0.0007750413045058946	0.001029081493271705	0.0
