AS_NMS_Mgri_Deep_01	216789	0	0.19408945686900958	0.06998464629583583	0.0859847625731931	0.1594501320873785	0.22349570200573063	0.06097633664589335	0.041446850601003	0.06011226925729894	0.026848498123409524	0.03815405562812582	0.0505561764405863	0.0750833521861088	0.07201792373999885	0.03743218423399411	0.03934959745079362	0.06765073551995092	0.030760392099808673	0.08279427503216241
AS_NMS_Mgri_Deep_02	216790	0.19408945686900958	0	0.21744282613616137	0.24345182273032243	0.1375453446191052	0.13078138970007108	0.2214679127419699	0.20315184007897255	0.20923738420028412	0.1930266605962091	0.19972886725102817	0.18218209802201726	0.22338975263993335	0.19865499103729853	0.20976676805576625	0.19408945686900955	0.23161921153575143	0.17987240721059689	0.21155875665178428
AS_NMS_Mgri_Deep_03	216791	0.06998464629583583	0.21744282613616137	0	0.06796586191870246	0.14998464665527247	0.2157282150637244	0.08072254444446597	0.05160193042079834	0.05540417722762752	0.053948747093863166	0.05690786783735642	0.06440980861944219	0.05595862379083392	0.10874357831003842	0.06314829596760173	0.10663119865313583	0.07103335902046938	0.059697143357157506	0.03958964859565733
AS_NMS_Mgri_Deep_04	216792	0.0859847625731931	0.24345182273032243	0.06796586191870246	0	0.1531589793295294	0.23269498505921785	0.09113048531489122	0.0637567595503552	0.057183338741714135	0.06691855172868955	0.08623721326175426	0.06797830633951836	0.05763020006075111	0.13834422908377114	0.06782559159411654	0.1185811495468788	0.05022290639627763	0.07651897050535518	0.06775207674593864
AS_NMS_Mgri_Deep_05	216793	0.1594501320873785	0.1375453446191052	0.14998464665527247	0.1531589793295294	0	0.13408494818500255	0.16004951520706762	0.14006031369033772	0.16226370473808163	0.15719467956469158	0.15300117959382017	0.1265808862384945	0.14405497175841864	0.18693357356707477	0.16040129277462295	0.17865658415198632	0.14363228764875086	0.1485774591510281	0.13769121636039616
AS_NMS_Mgri_Deep_06	216794	0.22349570200573063	0.13078138970007108	0.2157282150637244	0.23269498505921785	0.13408494818500255	0	0.22211766741808897	0.2234957020057307	0.23046212935752655	0.2189979251435309	0.22371312246734446	0.2082226058059266	0.22291412756349305	0.22593021748389677	0.21776504297994279	0.22349570200573066	0.2242861043382269	0.21800060303994342	0.22626067665508084
AS_NMS_Mgri_Deep_07	216795	0.06097633664589335	0.2214679127419699	0.08072254444446597	0.09113048531489122	0.16004951520706762	0.22211766741808897	0	0.07620693463895588	0.076676125802024	0.05710269125076639	0.06775825981583672	0.0817434768687749	0.07157657035202498	0.12585412579862892	0.0426420565746716	0.09815173514796229	0.05579320884601085	0.06443980342839835	0.081695875087427
AS_NMS_Mgri_Midd_01	216796	0.041446850601003	0.20315184007897255	0.05160193042079834	0.0637567595503552	0.14006031369033772	0.2234957020057307	0.07620693463895588	0	0.05231960110601766	0.03794854053996155	0.054604345066260315	0.036310585233829074	0.06066675822585548	0.08305165834330483	0.050132581778825056	0.07265079764725645	0.06521068097208102	0.037434348665888253	0.060692058610304966
AS_NMS_Mgri_Midd_02	216797	0.06011226925729894	0.20923738420028412	0.05540417722762752	0.057183338741714135	0.16226370473808163	0.23046212935752655	0.076676125802024	0.05231960110601766	0	0.042385377733243246	0.06384170704152077	0.049422638127374414	0.03423806764484956	0.10790870474542158	0.06036474904016461	0.09675882161459892	0.05976846354558159	0.045329875618840526	0.04775848641903568
AS_NMS_Mgri_Midd_03	216798	0.026848498123409524	0.1930266605962091	0.053948747093863166	0.06691855172868955	0.15719467956469158	0.2189979251435309	0.05710269125076639	0.03794854053996155	0.042385377733243246	0	0.04849970755332714	0.03800805939802426	0.05179848792465337	0.0912876160329569	0.027743246408467905	0.059931416618755444	0.048299659066521	0.029757603031787063	0.06545564465428504
AS_NMS_Mgri_Midd_04	216799	0.03815405562812582	0.19972886725102817	0.05690786783735642	0.08623721326175426	0.15300117959382017	0.22371312246734446	0.06775825981583672	0.054604345066260315	0.06384170704152077	0.04849970755332714	0	0.06880759145190715	0.08018519399322487	0.07912318721787387	0.0632987701398175	0.06574767209027854	0.07919351810386077	0.04698557113897743	0.06418151259099422
AS_NMS_Mgri_Midd_05	216800	0.0505561764405863	0.18218209802201726	0.06440980861944219	0.06797830633951836	0.1265808862384945	0.2082226058059266	0.0817434768687749	0.036310585233829074	0.049422638127374414	0.03800805939802426	0.06880759145190715	0	0.0558578353182061	0.09165627459473857	0.05169587204623597	0.08224091850224703	0.07486195650808951	0.036134879313509484	0.06976278135720859
AS_NMS_Mgri_Midd_06	216801	0.0750833521861088	0.22338975263993335	0.05595862379083392	0.05763020006075111	0.14405497175841864	0.22291412756349305	0.07157657035202498	0.06066675822585548	0.03423806764484956	0.05179848792465337	0.08018519399322487	0.0558578353182061	0	0.12251531638685796	0.06599891105553955	0.11172990454340881	0.03818462403298783	0.05505369290641736	0.051868217179640644
AS_NMS_Mgri_Shall_01	216802	0.07201792373999885	0.19865499103729853	0.10874357831003842	0.13834422908377114	0.18693357356707477	0.22593021748389677	0.12585412579862892	0.08305165834330483	0.10790870474542158	0.0912876160329569	0.07912318721787387	0.09165627459473857	0.12251531638685796	0	0.10662062167996218	0.045762451722814644	0.1301235625987395	0.07294774441054146	0.11658727140782639
AS_NMS_Mgri_Shall_02	216803	0.03743218423399411	0.20976676805576625	0.06314829596760173	0.06782559159411654	0.16040129277462295	0.21776504297994279	0.0426420565746716	0.050132581778825056	0.06036474904016461	0.027743246408467905	0.0632987701398175	0.05169587204623597	0.06599891105553955	0.10662062167996218	0	0.07395229539075693	0.054411153712024304	0.04508510233986221	0.07223287786884953
AS_NMS_Mgri_Shall_03	216804	0.03934959745079362	0.19408945686900955	0.10663119865313583	0.1185811495468788	0.17865658415198632	0.22349570200573066	0.09815173514796229	0.07265079764725645	0.09675882161459892	0.059931416618755444	0.06574767209027854	0.08224091850224703	0.11172990454340881	0.045762451722814644	0.07395229539075693	0	0.10191325758391644	0.06594412739383697	0.11944082738946238
AS_NMS_Mgri_Shall_04	216805	0.06765073551995092	0.23161921153575143	0.07103335902046938	0.05022290639627763	0.14363228764875086	0.2242861043382269	0.05579320884601085	0.06521068097208102	0.05976846354558159	0.048299659066521	0.07919351810386077	0.07486195650808951	0.03818462403298783	0.1301235625987395	0.054411153712024304	0.10191325758391644	0	0.06454228896623666	0.05535516246396069
AS_NMS_Mgri_Shall_05	216806	0.030760392099808673	0.17987240721059689	0.059697143357157506	0.07651897050535518	0.1485774591510281	0.21800060303994342	0.06443980342839835	0.037434348665888253	0.045329875618840526	0.029757603031787063	0.04698557113897743	0.036134879313509484	0.05505369290641736	0.07294774441054146	0.04508510233986221	0.06594412739383697	0.06454228896623666	0	0.06378482140085859
AS_NMS_Mgri_Shall_06	216807	0.08279427503216241	0.21155875665178428	0.03958964859565733	0.06775207674593864	0.13769121636039616	0.22626067665508084	0.081695875087427	0.060692058610304966	0.04775848641903568	0.06545564465428504	0.06418151259099422	0.06976278135720859	0.051868217179640644	0.11658727140782639	0.07223287786884953	0.11944082738946238	0.05535516246396069	0.06378482140085859	0
