AS_NMS_Mgri_Deep_01	216789	0.0	0.007354262476473905	0.0007141085888676642	0.00045397530081840265	0.0038585492496318223	0.00806423150340936	0.0003266416325395888	0.0001964950702382754	0.000265366966400967	0.0001305650848739496	0.00022454457632506316	0.0004098060927658358	0.00037774334723578976	0.0005146896458973291	0.00019031058945490054	0.0004015814631152461	0.0003684336994397759	6.06172614301679e-05	0.00032718649057466805
AS_NMS_Mgri_Deep_02	216790	0.007354262476473905	0.0	0.007937392097141454	0.00763560786109497	0.004399721994592697	0.001151003140074081	0.007533724317616217	0.007451169439002804	0.007478056795460445	0.007331703597716403	0.007448519128307203	0.00717955785720315	0.007600903283546345	0.007770583838522063	0.007420435808693721	0.007589760630870274	0.007562739981425415	0.0073476764345297724	0.0075503855999123955
AS_NMS_Mgri_Deep_03	216791	0.0007141085888676642	0.007937392097141454	0.0	0.0007593266841844732	0.004151113668193863	0.008267904491741801	0.0005696284881748896	0.000658856319361617	0.0006991143457674605	0.0006307703903242687	0.0005820650327678684	0.0009827271556582834	0.0006332017551081465	0.0011857065157370975	0.0006416092994660208	0.001115665881094555	0.0006684589830430732	0.0007288910355182133	0.0005214059180162225
AS_NMS_Mgri_Deep_04	216792	0.00045397530081840265	0.00763560786109497	0.0007593266841844732	0.0	0.003747139243559852	0.008042772027050582	0.00040873063126173066	0.00034809821788217863	0.00038416067807648253	0.00037816644535512434	0.0004792122491996434	0.0005237717205349907	0.0004252706472454193	0.0009272584815130386	0.00032194341125163327	0.0008090724628413031	0.0002757527450376097	0.0004420220534601902	0.0003413755844468836
AS_NMS_Mgri_Deep_05	216793	0.0038585492496318223	0.004399721994592697	0.004151113668193863	0.003747139243559852	0.0	0.004704549673970578	0.0037243786504605027	0.0037389075478448555	0.0038218717698453647	0.0037558323456968073	0.003837698439141498	0.0034938489367070673	0.003724029833745346	0.004301751167173517	0.003742248456367798	0.004147233173812516	0.003636475360572451	0.0038593773432051507	0.0036948481569864366
AS_NMS_Mgri_Deep_06	216794	0.00806423150340936	0.001151003140074081	0.008267904491741801	0.008042772027050582	0.004704549673970578	0.0	0.007804359181388691	0.008091665857211085	0.008064519538079767	0.007967230811492594	0.008046915329587725	0.007874669630886191	0.007903274618525	0.008491889069221032	0.007921579604773136	0.008311097373827526	0.0078340238912782	0.008069075462349458	0.008019270375752008
AS_NMS_Mgri_Deep_07	216795	0.0003266416325395888	0.007533724317616217	0.0005696284881748896	0.00040873063126173066	0.0037243786504605027	0.007804359181388691	0.0	0.0003777832940427925	0.0002636896815426678	0.00025630750243643024	0.00035717252664301045	0.0006082712846232228	0.0001501128303598874	0.0008252736150483411	0.0001952199891132893	0.0007122005192671587	0.0001747556119898785	0.00034221085192687466	0.000239062444973398
AS_NMS_Mgri_Midd_01	216796	0.0001964950702382754	0.007451169439002804	0.000658856319361617	0.00034809821788217863	0.0037389075478448555	0.008091665857211085	0.0003777832940427925	0.0	0.0003076659317690614	0.00020218682433095913	0.00028971601188934013	0.00038874816489768905	0.000369217492150571	0.0006184109582557729	0.00024144715907632722	0.0005483799119030403	0.0003135550404105068	0.00020513813686009205	0.00024136789128669498
AS_NMS_Mgri_Midd_02	216797	0.000265366966400967	0.007478056795460445	0.0006991143457674605	0.00038416067807648253	0.0038218717698453647	0.008064519538079767	0.0002636896815426678	0.0003076659317690614	0.0	0.00021516645302906232	0.0003081579936332779	0.0004844314791162602	0.00026874547150322614	0.000769366888979478	0.0002940474847936656	0.0006563875645646373	0.0003016219917256817	0.00026948832923349406	0.00023796573377715273
AS_NMS_Mgri_Midd_03	216798	0.0001305650848739496	0.007331703597716403	0.0006307703903242687	0.00037816644535512434	0.0037558323456968073	0.007967230811492594	0.00025630750243643024	0.00020218682433095913	0.00021516645302906232	0.0	0.00022151697975109888	0.0003748485308885645	0.00027384397026500144	0.0006201222917662321	0.00015354858286079114	0.0005054710258803521	0.0002379345068227291	0.00013473248106488314	0.00024283180887111122
AS_NMS_Mgri_Midd_04	216799	0.00022454457632506316	0.007448519128307203	0.0005820650327678684	0.0004792122491996434	0.003837698439141498	0.008046915329587725	0.00035717252664301045	0.00028971601188934013	0.0003081579936332779	0.00022151697975109888	0.0	0.0005542648783125306	0.00042438862501658714	0.0006190869688982288	0.0002869374865012402	0.0005597511809791765	0.0004174084471431713	0.00023626705048599052	0.00022565609782732054
AS_NMS_Mgri_Midd_05	216800	0.0004098060927658358	0.00717955785720315	0.0009827271556582834	0.0005237717205349907	0.0034938489367070673	0.007874669630886191	0.0006082712846232228	0.00038874816489768905	0.0004844314791162602	0.0003748485308885645	0.0005542648783125306	0.0	0.0005478534311655829	0.000871564370521429	0.00044196004128064034	0.0007464059121890438	0.0005250014357707714	0.0003862822023611806	0.0005392214356278139
AS_NMS_Mgri_Midd_06	216801	0.00037774334723578976	0.007600903283546345	0.0006332017551081465	0.0004252706472454193	0.003724029833745346	0.007903274618525	0.0001501128303598874	0.000369217492150571	0.00026874547150322614	0.00027384397026500144	0.00042438862501658714	0.0005478534311655829	0.0	0.0008922790244043828	0.00032578637927963987	0.0007793006394626806	0.00015729437120399638	0.00039238159510755386	0.00026784093796898453
AS_NMS_Mgri_Shall_01	216802	0.0005146896458973291	0.007770583838522063	0.0011857065157370975	0.0009272584815130386	0.004301751167173517	0.008491889069221032	0.0008252736150483411	0.0006184109582557729	0.000769366888979478	0.0006201222917662321	0.0006190869688982288	0.000871564370521429	0.0008922790244043828	0.0	0.0006836590108787257	0.00021279088786080628	0.0008579618834368001	0.00049992802885921	0.0007986559570893222
AS_NMS_Mgri_Shall_02	216803	0.00019031058945490054	0.007420435808693721	0.0006416092994660208	0.00032194341125163327	0.003742248456367798	0.007921579604773136	0.0001952199891132893	0.00024144715907632722	0.0002940474847936656	0.00015354858286079114	0.0002869374865012402	0.00044196004128064034	0.00032578637927963987	0.0006836590108787257	0.0	0.0005705761082327378	0.0002470841324641082	0.000205904659969985	0.00023693068655327663
AS_NMS_Mgri_Shall_03	216804	0.0004015814631152461	0.007589760630870274	0.001115665881094555	0.0008090724628413031	0.004147233173812516	0.008311097373827526	0.0007122005192671587	0.0005483799119030403	0.0006563875645646373	0.0005054710258803521	0.0005597511809791765	0.0007464059121890438	0.0007793006394626806	0.00021279088786080628	0.0005705761082327378	0.0	0.0007410541549119649	0.0003869823297178082	0.000728737049367633
AS_NMS_Mgri_Shall_04	216805	0.0003684336994397759	0.007562739981425415	0.0006684589830430732	0.0002757527450376097	0.003636475360572451	0.0078340238912782	0.0001747556119898785	0.0003135550404105068	0.0003016219917256817	0.0002379345068227291	0.0004174084471431713	0.0005250014357707714	0.00015729437120399638	0.0008579618834368001	0.0002470841324641082	0.0007410541549119649	0.0	0.00037253486899062674	0.00023806912821854406
AS_NMS_Mgri_Shall_05	216806	6.06172614301679e-05	0.0073476764345297724	0.0007288910355182133	0.0004420220534601902	0.0038593773432051507	0.008069075462349458	0.00034221085192687466	0.00020513813686009205	0.00026948832923349406	0.00013473248106488314	0.00023626705048599052	0.0003862822023611806	0.00039238159510755386	0.00049992802885921	0.000205904659969985	0.0003869823297178082	0.00037253486899062674	0.0	0.0003417917381590795
AS_NMS_Mgri_Shall_06	216807	0.00032718649057466805	0.0075503855999123955	0.0005214059180162225	0.0003413755844468836	0.0036948481569864366	0.008019270375752008	0.000239062444973398	0.00024136789128669498	0.00023796573377715273	0.00024283180887111122	0.00022565609782732054	0.0005392214356278139	0.00026784093796898453	0.0007986559570893222	0.00023693068655327663	0.000728737049367633	0.00023806912821854406	0.0003417917381590795	0.0
