AS_NMS_Mgri_Deep_01	216789	0	0.447893393308886	0.20256057483669387	0.2875289084031131	0.46755541632001807	0.5661496468095376	0.13102637919101143	0.1456083250044962	0.13288075539231176	0.046001751945640816	0.1969973977838706	0.18241379022278967	0.14894729442273386	0.20623462224113978	0.08305507231505439	0.10547886042942767	0.15799955632983675	0.10483507587715214	0.2081289418728173
AS_NMS_Mgri_Deep_02	216790	0.447893393308886	0	0.45802479126175166	0.4856862775068079	0.2707482979195798	0.28073970684325344	0.4374765646936029	0.44789339330888617	0.46422651147890576	0.4220904002368226	0.42832380124808805	0.3830291796811185	0.4701829855422916	0.4199315418592799	0.42209040023682265	0.447893393308886	0.4632503804103446	0.3918337088978672	0.42168602854702003
AS_NMS_Mgri_Deep_03	216791	0.20256057483669387	0.45802479126175166	0	0.23737608537314503	0.43115301342874074	0.5298727698192621	0.24333393065177655	0.146787621041789	0.2499585840509894	0.2072600429328693	0.1114914907006842	0.2239759983860891	0.24578366016150968	0.24910208027331524	0.20256057483669387	0.25914571680943566	0.24961460060774826	0.20716664631701087	0.12301408909290087
AS_NMS_Mgri_Deep_04	216792	0.2875289084031131	0.4856862775068079	0.23737608537314503	0	0.3722650661880868	0.5694457909871841	0.3268279944492374	0.2177155668040276	0.2476691622224059	0.2875289084031132	0.26709697840466634	0.19011646714058467	0.2574151363126552	0.3282728231932253	0.26017665238094045	0.3273258211547426	0.2574151363126552	0.2604176461184259	0.22587941948635862
AS_NMS_Mgri_Deep_05	216793	0.46755541632001807	0.2707482979195798	0.43115301342874074	0.3722650661880868	0	0.32621302414558206	0.4420733916209607	0.39372244078962837	0.46570611505273746	0.46755541632001796	0.40701615271163055	0.33973363474363316	0.40872657562131665	0.4127527154036572	0.4447636005474497	0.46755541632001807	0.3832445509222594	0.4192815758483923	0.3698541552455272
AS_NMS_Mgri_Deep_06	216794	0.5661496468095376	0.28073970684325344	0.5298727698192621	0.5694457909871841	0.32621302414558206	0	0.542233033793751	0.5661496468095376	0.5760562322867053	0.5422330337937509	0.5376260639062116	0.5017308436577483	0.542233033793751	0.5661496468095375	0.5422330337937509	0.5661496468095375	0.5661496468095377	0.5422330337937509	0.5661496468095376
AS_NMS_Mgri_Deep_07	216795	0.13102637919101143	0.4374765646936029	0.24333393065177655	0.3268279944492374	0.4420733916209607	0.542233033793751	0	0.23066399019731756	0.15996611664481122	0.10529625331979482	0.2253963194301798	0.22402397537740276	0.11294068121898103	0.28273066851619594	0.11511874646461301	0.23401077397649975	0.10846129743303545	0.12774872618414876	0.214583117894993
AS_NMS_Mgri_Midd_01	216796	0.1456083250044962	0.44789339330888617	0.146787621041789	0.2177155668040276	0.39372244078962837	0.5661496468095376	0.23066399019731756	0	0.17352205907751392	0.1502897239643138	0.17143983684679476	0.13971074790868257	0.1878248298918718	0.20279472941946589	0.1546081600573075	0.1936392803978169	0.18688126191287704	0.14900863880586346	0.14722046917231352
AS_NMS_Mgri_Midd_02	216797	0.13288075539231176	0.46422651147890576	0.2499585840509894	0.2476691622224059	0.46570611505273746	0.5760562322867053	0.15996611664481122	0.17352205907751392	0	0.10146695540021533	0.22844640974779654	0.16895452597492494	0.11473304861248425	0.286849125638396	0.1291497480592021	0.21698662273863228	0.177054433027634	0.14208401041982793	0.21102412046240965
AS_NMS_Mgri_Midd_03	216798	0.046001751945640816	0.4220904002368226	0.2072600429328693	0.2875289084031132	0.46755541632001796	0.5422330337937509	0.10529625331979482	0.1502897239643138	0.10146695540021533	0	0.19706793611138393	0.15076071202085195	0.11138669276540941	0.21904836451135892	0.06039092901021513	0.13530062533563023	0.14437031619897187	0.07383704583668481	0.21129764581418967
AS_NMS_Mgri_Midd_04	216799	0.1969973977838706	0.42832380124808805	0.1114914907006842	0.26709697840466634	0.40701615271163055	0.5376260639062116	0.2253963194301798	0.17143983684679476	0.22844640974779654	0.19706793611138393	0	0.2202451730577426	0.2551312040575708	0.1691828715798669	0.21325788099948642	0.21401625597184187	0.24141452764598947	0.16453267754623385	0.10822192047569935
AS_NMS_Mgri_Midd_05	216800	0.18241379022278967	0.3830291796811185	0.2239759983860891	0.19011646714058467	0.33973363474363316	0.5017308436577483	0.22402397537740276	0.13971074790868257	0.16895452597492494	0.15076071202085195	0.2202451730577426	0	0.17938014363532026	0.24232655837579337	0.12480264784442349	0.22385089525874954	0.21267550135933505	0.15076071202085192	0.19645260873932127
AS_NMS_Mgri_Midd_06	216801	0.14894729442273386	0.4701829855422916	0.24578366016150968	0.2574151363126552	0.40872657562131665	0.542233033793751	0.11294068121898103	0.1878248298918718	0.11473304861248425	0.11138669276540941	0.2551312040575708	0.17938014363532026	0	0.31012032801859907	0.1348582059102512	0.2370036280784423	0.07218665997894437	0.13540110087407478	0.21951281148798663
AS_NMS_Mgri_Shall_01	216802	0.20623462224113978	0.4199315418592799	0.24910208027331524	0.3282728231932253	0.4127527154036572	0.5661496468095375	0.28273066851619594	0.20279472941946589	0.286849125638396	0.21904836451135892	0.1691828715798669	0.24232655837579337	0.31012032801859907	0	0.24067573686116833	0.1659836604206194	0.29027587708231073	0.19153053540615722	0.2242762055529338
AS_NMS_Mgri_Shall_02	216803	0.08305507231505439	0.42209040023682265	0.20256057483669387	0.26017665238094045	0.4447636005474497	0.5422330337937509	0.11511874646461301	0.1546081600573075	0.1291497480592021	0.06039092901021513	0.21325788099948642	0.12480264784442349	0.1348582059102512	0.24067573686116833	0	0.16399399087186595	0.16828474043303113	0.1011390352755128	0.20812894187281727
AS_NMS_Mgri_Shall_03	216804	0.10547886042942767	0.447893393308886	0.25914571680943566	0.3273258211547426	0.46755541632001807	0.5661496468095375	0.23401077397649975	0.1936392803978169	0.21698662273863228	0.13530062533563023	0.21401625597184187	0.22385089525874954	0.2370036280784423	0.1659836604206194	0.16399399087186595	0	0.24155598254261448	0.16601125520198828	0.26737954934778935
AS_NMS_Mgri_Shall_04	216805	0.15799955632983675	0.4632503804103446	0.24961460060774826	0.2574151363126552	0.3832445509222594	0.5661496468095377	0.10846129743303545	0.18688126191287704	0.177054433027634	0.14437031619897187	0.24141452764598947	0.21267550135933505	0.07218665997894437	0.29027587708231073	0.16828474043303113	0.24155598254261448	0	0.13884913975936095	0.18451454556534921
AS_NMS_Mgri_Shall_05	216806	0.10483507587715214	0.3918337088978672	0.20716664631701087	0.2604176461184259	0.4192815758483923	0.5422330337937509	0.12774872618414876	0.14900863880586346	0.14208401041982793	0.07383704583668481	0.16453267754623385	0.15076071202085192	0.13540110087407478	0.19153053540615722	0.1011390352755128	0.16601125520198828	0.13884913975936095	0	0.17108294952993622
AS_NMS_Mgri_Shall_06	216807	0.2081289418728173	0.42168602854702003	0.12301408909290087	0.22587941948635862	0.3698541552455272	0.5661496468095376	0.214583117894993	0.14722046917231352	0.21102412046240965	0.21129764581418967	0.10822192047569935	0.19645260873932127	0.21951281148798663	0.2242762055529338	0.20812894187281727	0.26737954934778935	0.18451454556534921	0.17108294952993622	0
