50
2          0.0000000 0.0192943 0.0076490 0.0231966 0.0350062 0.0271077 0.0192943 0.0174734 0.0271017 0.0192943 0.0115287 0.0310317 0.0038175 0.0809716 0.0231966 0.0232465 0.0076874 0.0232465 0.0271952 0.0192943 0.0310317 0.0115036 0.0231916 0.0271595 0.0231966 0.0204734 0.0273669 0.0231916 0.0232162 0.0076712 0.0232162 0.0154090 0.0076490 0.0192177 0.0232532 0.0232465 0.0200360 0.0231916 0.0232162 0.0076554 0.0076755 0.0271800 0.0231966 0.0232465 0.0232465 0.0192943 0.0232151 0.0232151 0.0153479 0.0311821 
517        0.0192943 0.0000000 0.0192790 0.0038084 0.0230875 0.0153251 0.0000010 0.0000010 0.0076277 0.0000010 0.0232476 0.0114625 0.0153936 0.0597735 0.0038084 0.0038164 0.0272527 0.0038164 0.0076533 0.0000010 0.0191878 0.0231966 0.0038077 0.0076436 0.0038084 0.0000010 0.0077010 0.0038077 0.0038116 0.0193356 0.0038116 0.0038116 0.0192790 0.0309999 0.0038176 0.0038164 0.0000010 0.0038077 0.0076436 0.0192953 0.0193464 0.0076492 0.0038084 0.0038164 0.0038164 0.0000010 0.0038114 0.0038114 0.0270801 0.0115170 
265        0.0076490 0.0192790 0.0000000 0.0231782 0.0270813 0.0192597 0.0192790 0.0174578 0.0270801 0.0192790 0.0115197 0.0231498 0.0038145 0.0724600 0.0231782 0.0232280 0.0154322 0.0232280 0.0271734 0.0192790 0.0231498 0.0114946 0.0231732 0.0271379 0.0231782 0.0204562 0.0273449 0.0231732 0.0231978 0.0076652 0.0231978 0.0153968 0.0076430 0.0114696 0.0232347 0.0232280 0.0200196 0.0231732 0.0231978 0.0076495 0.0076695 0.0271583 0.0231782 0.0232280 0.0232280 0.0192790 0.0231966 0.0231966 0.0076340 0.0311570 
1932       0.0231966 0.0038084 0.0231782 0.0000000 0.0269857 0.0191919 0.0038084 0.0043169 0.0114625 0.0038084 0.0271734 0.0153123 0.0192790 0.0638839 0.0076308 0.0038164 0.0312055 0.0076469 0.0115011 0.0038084 0.0230682 0.0271138 0.0076293 0.0114864 0.0076308 0.0000010 0.0115729 0.0076293 0.0076372 0.0232465 0.0076372 0.0076372 0.0231782 0.0349406 0.0076492 0.0076469 0.0039529 0.0076293 0.0114864 0.0231978 0.0232595 0.0114950 0.0076308 0.0076469 0.0076469 0.0038084 0.0076367 0.0076367 0.0310069 0.0153843 
10391      0.0350062 0.0230875 0.0270813 0.0269857 0.0000000 0.0076218 0.0230875 0.0262059 0.0153091 0.0230875 0.0390558 0.0114512 0.0310330 0.0763154 0.0269857 0.0270436 0.0431714 0.0270436 0.0309911 0.0230875 0.0038008 0.0389696 0.0269798 0.0309505 0.0269857 0.0244946 0.0311863 0.0191878 0.0270084 0.0350822 0.0270084 0.0270084 0.0349781 0.0153492 0.0270513 0.0270436 0.0239723 0.0269798 0.0309505 0.0350076 0.0351015 0.0309738 0.0269857 0.0270436 0.0270436 0.0230875 0.0270072 0.0270072 0.0192394 0.0349786 
10392      0.0271077 0.0153251 0.0192597 0.0191919 0.0076218 0.0000000 0.0153251 0.0173850 0.0076213 0.0153251 0.0311072 0.0038008 0.0231732 0.0679745 0.0191919 0.0192328 0.0351653 0.0192328 0.0231419 0.0153251 0.0038008 0.0310388 0.0191878 0.0231119 0.0191919 0.0162546 0.0232870 0.0114625 0.0192080 0.0271661 0.0192080 0.0192080 0.0270862 0.0153492 0.0192384 0.0192328 0.0159100 0.0191878 0.0231119 0.0271090 0.0271812 0.0231292 0.0191919 0.0192328 0.0192328 0.0153251 0.0192070 0.0192070 0.0114932 0.0270867 
4925719    0.0192943 0.0000010 0.0192790 0.0038084 0.0230875 0.0153251 0.0000000 0.0000010 0.0076277 0.0000010 0.0232476 0.0114625 0.0153936 0.0597735 0.0065735 0.0038164 0.0272527 0.0038164 0.0076533 0.0032815 0.0191878 0.0231966 0.0038077 0.0076436 0.0038084 0.0000010 0.0077010 0.0038077 0.0038116 0.0193356 0.0038116 0.0038116 0.0192790 0.0309999 0.0038176 0.0038164 0.0000010 0.0038077 0.0076436 0.0192953 0.0193464 0.0076492 0.0038084 0.0038164 0.0038164 0.0000010 0.0038114 0.0038114 0.0270801 0.0115170 
4925720    0.0174734 0.0000010 0.0174578 0.0043169 0.0262059 0.0173850 0.0000010 0.0000000 0.0086476 0.0000010 0.0219425 0.0129992 0.0130658 0.0587073 0.0043169 0.0043272 0.0264745 0.0043272 0.0086805 0.0000010 0.0217717 0.0218881 0.0043159 0.0086680 0.0000010 0.0000010 0.0087420 0.0043159 0.0043210 0.0175157 0.0043210 0.0000010 0.0174578 0.0307228 0.0043287 0.0000010 0.0000010 0.0043159 0.0086680 0.0130658 0.0175269 0.0086753 0.0043169 0.0000010 0.0043272 0.0000010 0.0043206 0.0043206 0.0262847 0.0086733 
10395      0.0271017 0.0076277 0.0270801 0.0114625 0.0153091 0.0076213 0.0076277 0.0086476 0.0000000 0.0076277 0.0311001 0.0038006 0.0231681 0.0679739 0.0114625 0.0114868 0.0351571 0.0114868 0.0153567 0.0076277 0.0114505 0.0310317 0.0114601 0.0153369 0.0114625 0.0080885 0.0154527 0.0038037 0.0114721 0.0271601 0.0114721 0.0114721 0.0270801 0.0231242 0.0114902 0.0114868 0.0079173 0.0114601 0.0153369 0.0271029 0.0271752 0.0153483 0.0114625 0.0114868 0.0114868 0.0076277 0.0114714 0.0114714 0.0192384 0.0192592 
70044      0.0192943 0.0000010 0.0192790 0.0038084 0.0230875 0.0153251 0.0000010 0.0000010 0.0076277 0.0000000 0.0232476 0.0114625 0.0153936 0.0597735 0.0038084 0.0038164 0.0272527 0.0038164 0.0076533 0.0000010 0.0191878 0.0231966 0.0038077 0.0076436 0.0038084 0.0000010 0.0077010 0.0038077 0.0038116 0.0193356 0.0038116 0.0038116 0.0192790 0.0309999 0.0038176 0.0038164 0.0000010 0.0038077 0.0076436 0.0192953 0.0193464 0.0076492 0.0038084 0.0038164 0.0038164 0.0000010 0.0038114 0.0038114 0.0270801 0.0115170 
2175517    0.0115287 0.0232476 0.0115197 0.0271734 0.0390558 0.0311072 0.0232476 0.0219425 0.0311001 0.0232476 0.0000000 0.0350539 0.0076656 0.0853871 0.0271734 0.0272321 0.0193854 0.0272321 0.0312081 0.0232476 0.0350539 0.0154001 0.0271674 0.0311669 0.0271734 0.0246742 0.0314060 0.0271674 0.0271964 0.0115533 0.0271964 0.0193407 0.0115197 0.0231548 0.0272400 0.0272321 0.0241449 0.0271674 0.0271964 0.0115294 0.0115598 0.0311905 0.0271734 0.0272321 0.0272321 0.0232476 0.0271952 0.0271952 0.0192638 0.0352246 
11806      0.0310317 0.0114625 0.0231498 0.0153123 0.0114512 0.0038008 0.0114625 0.0129992 0.0038006 0.0114625 0.0350539 0.0000000 0.0270801 0.0637963 0.0153123 0.0153438 0.0391383 0.0153438 0.0192328 0.0114625 0.0076139 0.0349767 0.0153091 0.0192080 0.0153123 0.0121564 0.0193531 0.0076213 0.0153251 0.0310988 0.0153251 0.0153251 0.0310069 0.0192192 0.0153483 0.0153438 0.0118994 0.0153091 0.0192080 0.0310330 0.0311160 0.0192223 0.0153123 0.0153438 0.0153438 0.0114625 0.0153242 0.0153242 0.0153492 0.0231542 
32         0.0038175 0.0153936 0.0038145 0.0192790 0.0310330 0.0231732 0.0153936 0.0130658 0.0231681 0.0153936 0.0076656 0.0270801 0.0000000 0.0767034 0.0192790 0.0193203 0.0115526 0.0193203 0.0232476 0.0153936 0.0270801 0.0076490 0.0192749 0.0232173 0.0192790 0.0163327 0.0233940 0.0192749 0.0192953 0.0038255 0.0192953 0.0115263 0.0038145 0.0153337 0.0193260 0.0193203 0.0159848 0.0192749 0.0192953 0.0038177 0.0038277 0.0232347 0.0192790 0.0193203 0.0193203 0.0153936 0.0192943 0.0192943 0.0114809 0.0272108 
14880      0.0809716 0.0597735 0.0724600 0.0638839 0.0763154 0.0679745 0.0597735 0.0587073 0.0679739 0.0597735 0.0853871 0.0637963 0.0767034 0.0000000 0.0638839 0.0640276 0.0899214 0.0640276 0.0682226 0.0597735 0.0720949 0.0851915 0.0638669 0.0681272 0.0638839 0.0635544 0.0686677 0.0638669 0.0639386 0.0811574 0.0639386 0.0639386 0.0809018 0.0849698 0.0640439 0.0640276 0.0535458 0.0638669 0.0681272 0.0809714 0.0812000 0.0681813 0.0638839 0.0640276 0.0640276 0.0597735 0.0639377 0.0639377 0.0807858 0.0724794 
4916514    0.0231966 0.0038084 0.0231782 0.0076308 0.0269857 0.0191919 0.0065735 0.0043169 0.0114625 0.0038084 0.0271734 0.0153123 0.0192790 0.0638839 0.0000000 0.0076469 0.0312055 0.0076469 0.0115011 0.0032792 0.0230682 0.0271138 0.0076293 0.0114864 0.0076308 0.0040381 0.0115729 0.0076293 0.0076372 0.0232465 0.0076372 0.0076372 0.0231782 0.0349406 0.0076492 0.0076469 0.0039529 0.0076293 0.0114864 0.0231978 0.0232595 0.0114950 0.0076308 0.0076469 0.0076469 0.0038084 0.0076367 0.0076367 0.0310069 0.0153843 
15530      0.0232465 0.0038164 0.0232280 0.0038164 0.0270436 0.0192328 0.0038164 0.0043272 0.0114868 0.0038164 0.0272321 0.0153438 0.0193203 0.0640276 0.0076469 0.0000000 0.0312733 0.0076631 0.0115256 0.0038164 0.0231175 0.0271722 0.0076454 0.0115108 0.0076469 0.0000010 0.0115977 0.0076454 0.0076533 0.0232965 0.0076533 0.0076533 0.0232280 0.0350162 0.0076654 0.0076631 0.0039615 0.0076454 0.0115108 0.0232476 0.0233096 0.0115194 0.0076469 0.0076631 0.0076631 0.0038164 0.0076529 0.0076529 0.0310739 0.0154171 
32940      0.0076874 0.0272527 0.0154322 0.0312055 0.0431714 0.0351653 0.0272527 0.0264745 0.0351571 0.0272527 0.0193854 0.0391383 0.0115526 0.0899214 0.0312055 0.0312733 0.0000000 0.0312733 0.0352801 0.0272527 0.0391383 0.0193429 0.0311983 0.0352331 0.0312055 0.0289346 0.0355049 0.0311983 0.0312319 0.0154775 0.0312319 0.0233202 0.0154322 0.0271432 0.0312822 0.0312733 0.0283098 0.0311983 0.0312319 0.0154452 0.0154862 0.0352601 0.0312055 0.0312733 0.0312733 0.0272527 0.0312306 0.0312306 0.0232269 0.0393300 
31411      0.0232465 0.0038164 0.0232280 0.0076469 0.0270436 0.0192328 0.0038164 0.0043272 0.0114868 0.0038164 0.0272321 0.0153438 0.0193203 0.0640276 0.0076469 0.0076631 0.0312733 0.0000000 0.0115256 0.0038164 0.0231175 0.0271722 0.0076454 0.0115108 0.0076469 0.0040471 0.0115977 0.0076454 0.0076533 0.0232965 0.0076533 0.0076533 0.0232280 0.0350162 0.0076654 0.0076631 0.0039615 0.0076454 0.0115108 0.0232476 0.0233096 0.0115194 0.0076469 0.0076631 0.0076631 0.0038164 0.0076529 0.0076529 0.0310739 0.0154171 
462388     0.0271952 0.0076533 0.0271734 0.0115011 0.0309911 0.0231419 0.0076533 0.0086805 0.0153567 0.0076533 0.0312081 0.0192328 0.0232476 0.0682226 0.0115011 0.0115256 0.0352801 0.0115256 0.0000000 0.0076533 0.0270436 0.0311392 0.0114988 0.0076613 0.0115011 0.0081173 0.0155056 0.0114988 0.0115108 0.0272539 0.0038204 0.0115108 0.0271734 0.0390136 0.0115291 0.0115256 0.0079449 0.0114988 0.0076613 0.0271964 0.0272691 0.0154005 0.0115011 0.0115256 0.0038065 0.0076533 0.0115102 0.0115102 0.0350539 0.0193249 
2174772    0.0192943 0.0000010 0.0192790 0.0038084 0.0230875 0.0153251 0.0032815 0.0000010 0.0076277 0.0000010 0.0232476 0.0114625 0.0153936 0.0597735 0.0032792 0.0038164 0.0272527 0.0038164 0.0076533 0.0000000 0.0191878 0.0231966 0.0038077 0.0076436 0.0038084 0.0000010 0.0077010 0.0038077 0.0038116 0.0193356 0.0038116 0.0038116 0.0192790 0.0309999 0.0038176 0.0038164 0.0000010 0.0038077 0.0076436 0.0192953 0.0193464 0.0076492 0.0038084 0.0038164 0.0038164 0.0000010 0.0038114 0.0038114 0.0270801 0.0115170 
1593       0.0310317 0.0191878 0.0231498 0.0230682 0.0038008 0.0038008 0.0191878 0.0217717 0.0114505 0.0191878 0.0350539 0.0076139 0.0270801 0.0720949 0.0230682 0.0231175 0.0391383 0.0231175 0.0270436 0.0191878 0.0000000 0.0349767 0.0230632 0.0270084 0.0230682 0.0203534 0.0272134 0.0153091 0.0230875 0.0310988 0.0230875 0.0230875 0.0310069 0.0114812 0.0231242 0.0231175 0.0199212 0.0230632 0.0270084 0.0310330 0.0311160 0.0270286 0.0230682 0.0231175 0.0231175 0.0191878 0.0230864 0.0230864 0.0153492 0.0310075 
410179     0.0115036 0.0231966 0.0114946 0.0271138 0.0389696 0.0310388 0.0231966 0.0218881 0.0310317 0.0231966 0.0154001 0.0349767 0.0076490 0.0851915 0.0271138 0.0271722 0.0193429 0.0271722 0.0311392 0.0231966 0.0349767 0.0000000 0.0271077 0.0310982 0.0271138 0.0246167 0.0313363 0.0271077 0.0271366 0.0115281 0.0271366 0.0192984 0.0038145 0.0231043 0.0271800 0.0271722 0.0240900 0.0271077 0.0271366 0.0115043 0.0115346 0.0311218 0.0271138 0.0271722 0.0271722 0.0231966 0.0271354 0.0271354 0.0192218 0.0351467 
583        0.0231916 0.0038077 0.0231732 0.0076293 0.0269798 0.0191878 0.0038077 0.0043159 0.0114601 0.0038077 0.0271674 0.0153091 0.0192749 0.0638669 0.0076293 0.0076454 0.0311983 0.0076454 0.0114988 0.0038077 0.0230632 0.0271077 0.0000000 0.0114841 0.0076293 0.0040372 0.0115705 0.0076277 0.0076356 0.0232414 0.0076356 0.0076356 0.0231732 0.0349325 0.0076477 0.0076454 0.0039521 0.0076277 0.0114841 0.0231927 0.0232544 0.0114926 0.0076293 0.0076454 0.0076454 0.0038077 0.0076352 0.0076352 0.0309999 0.0153810 
461129     0.0271595 0.0076436 0.0271379 0.0114864 0.0309505 0.0231119 0.0076436 0.0086680 0.0153369 0.0076436 0.0311669 0.0192080 0.0232173 0.0681272 0.0114864 0.0115108 0.0352331 0.0115108 0.0076613 0.0076436 0.0270084 0.0310982 0.0114841 0.0000000 0.0114864 0.0081063 0.0154854 0.0114841 0.0114961 0.0272181 0.0038155 0.0114961 0.0271379 0.0389618 0.0115143 0.0115108 0.0079344 0.0114841 0.0076515 0.0271607 0.0272333 0.0153806 0.0114864 0.0115108 0.0115108 0.0076436 0.0114954 0.0114954 0.0350076 0.0192999 
714        0.0231966 0.0038084 0.0231782 0.0076308 0.0269857 0.0191919 0.0038084 0.0000010 0.0114625 0.0038084 0.0271734 0.0153123 0.0192790 0.0638839 0.0076308 0.0076469 0.0312055 0.0076469 0.0115011 0.0038084 0.0230682 0.0271138 0.0076293 0.0114864 0.0000000 0.0040381 0.0115729 0.0076293 0.0076372 0.0232465 0.0076372 0.0076372 0.0231782 0.0349406 0.0076492 0.0038164 0.0039529 0.0076293 0.0114864 0.0231978 0.0232595 0.0114950 0.0076308 0.0076469 0.0076469 0.0038084 0.0076367 0.0076367 0.0310069 0.0153843 
484811     0.0204734 0.0000010 0.0204562 0.0000010 0.0244946 0.0162546 0.0000010 0.0000010 0.0080885 0.0000010 0.0246742 0.0121564 0.0163327 0.0635544 0.0040381 0.0000010 0.0289346 0.0040471 0.0081173 0.0000010 0.0203534 0.0246167 0.0040372 0.0081063 0.0040381 0.0000000 0.0081709 0.0040372 0.0040417 0.0205200 0.0040417 0.0040417 0.0204562 0.0329032 0.0040484 0.0040471 0.0000010 0.0040372 0.0081063 0.0204745 0.0205322 0.0081127 0.0040381 0.0040471 0.0040471 0.0000010 0.0040414 0.0040414 0.0287399 0.0122176 
259662     0.0273669 0.0077010 0.0273449 0.0115729 0.0311863 0.0232870 0.0077010 0.0087420 0.0154527 0.0077010 0.0314060 0.0193531 0.0233940 0.0686677 0.0115729 0.0115977 0.0355049 0.0115977 0.0155056 0.0077010 0.0272134 0.0313363 0.0115705 0.0154854 0.0115729 0.0081709 0.0000000 0.0115705 0.0115827 0.0274265 0.0115827 0.0115827 0.0273449 0.0392610 0.0116012 0.0115977 0.0079964 0.0115705 0.0154854 0.0273682 0.0274418 0.0154971 0.0115729 0.0115977 0.0115977 0.0077010 0.0115821 0.0115821 0.0352758 0.0194463 
1617       0.0231916 0.0038077 0.0231732 0.0076293 0.0191878 0.0114625 0.0038077 0.0043159 0.0038037 0.0038077 0.0271674 0.0076213 0.0192749 0.0638669 0.0076293 0.0076454 0.0311983 0.0076454 0.0114988 0.0038077 0.0153091 0.0271077 0.0076277 0.0114841 0.0076293 0.0040372 0.0115705 0.0000000 0.0076356 0.0232414 0.0076356 0.0076356 0.0231732 0.0270513 0.0076477 0.0076454 0.0039521 0.0076277 0.0114841 0.0231927 0.0232544 0.0114926 0.0076293 0.0076454 0.0076454 0.0038077 0.0076352 0.0076352 0.0231486 0.0153810 
12753      0.0232162 0.0038116 0.0231978 0.0076372 0.0270084 0.0192080 0.0038116 0.0043210 0.0114721 0.0038116 0.0271964 0.0153251 0.0192953 0.0639386 0.0076372 0.0076533 0.0312319 0.0076533 0.0115108 0.0038116 0.0230875 0.0271366 0.0076356 0.0114961 0.0076372 0.0040417 0.0115827 0.0076356 0.0000000 0.0232661 0.0076436 0.0076436 0.0231978 0.0349700 0.0076556 0.0076533 0.0039563 0.0076356 0.0114961 0.0232173 0.0232791 0.0115046 0.0076372 0.0076533 0.0076533 0.0038116 0.0076431 0.0076431 0.0310330 0.0153972 
22490      0.0076712 0.0193356 0.0076652 0.0232465 0.0350822 0.0271661 0.0193356 0.0175157 0.0271601 0.0193356 0.0115533 0.0310988 0.0038255 0.0811574 0.0232465 0.0232965 0.0154775 0.0232965 0.0272539 0.0193356 0.0310988 0.0115281 0.0232414 0.0272181 0.0232465 0.0205200 0.0274265 0.0232414 0.0232661 0.0000000 0.0232661 0.0154419 0.0076652 0.0192587 0.0233033 0.0232965 0.0200806 0.0232414 0.0232661 0.0076716 0.0076918 0.0272387 0.0232465 0.0232965 0.0232965 0.0193356 0.0232650 0.0232650 0.0153806 0.0312498 
3419       0.0232162 0.0038116 0.0231978 0.0076372 0.0270084 0.0192080 0.0038116 0.0043210 0.0114721 0.0038116 0.0271964 0.0153251 0.0192953 0.0639386 0.0076372 0.0076533 0.0312319 0.0076533 0.0038204 0.0038116 0.0230875 0.0271366 0.0076356 0.0038155 0.0076372 0.0040417 0.0115827 0.0076356 0.0076436 0.0232661 0.0000000 0.0076436 0.0231978 0.0349700 0.0076556 0.0076533 0.0039563 0.0076356 0.0038155 0.0232173 0.0232791 0.0115046 0.0076372 0.0076533 0.0076533 0.0038116 0.0076431 0.0076431 0.0310330 0.0153972 
859        0.0154090 0.0038116 0.0153968 0.0076372 0.0270084 0.0192080 0.0038116 0.0000010 0.0114721 0.0038116 0.0193407 0.0153251 0.0115263 0.0639386 0.0076372 0.0076533 0.0233202 0.0076533 0.0115108 0.0038116 0.0230875 0.0192984 0.0076356 0.0114961 0.0076372 0.0040417 0.0115827 0.0076356 0.0076436 0.0154419 0.0076436 0.0000000 0.0153968 0.0270801 0.0076556 0.0076533 0.0039563 0.0076356 0.0114961 0.0154098 0.0154507 0.0115046 0.0076372 0.0076533 0.0076533 0.0038116 0.0076431 0.0076431 0.0231732 0.0153972 
23516      0.0076490 0.0192790 0.0076430 0.0231782 0.0349781 0.0270862 0.0192790 0.0174578 0.0270801 0.0192790 0.0115197 0.0310069 0.0038145 0.0809018 0.0231782 0.0232280 0.0154322 0.0232280 0.0271734 0.0192790 0.0310069 0.0038145 0.0231732 0.0271379 0.0231782 0.0204562 0.0273449 0.0231732 0.0231978 0.0076652 0.0231978 0.0153968 0.0000000 0.0192026 0.0232347 0.0232280 0.0200196 0.0231732 0.0231978 0.0076495 0.0076695 0.0271583 0.0231782 0.0232280 0.0232280 0.0192790 0.0231966 0.0231966 0.0153359 0.0311570 
1118       0.0192177 0.0309999 0.0114696 0.0349406 0.0153492 0.0153492 0.0309999 0.0307228 0.0231242 0.0309999 0.0231548 0.0192192 0.0153337 0.0849698 0.0349406 0.0350162 0.0271432 0.0350162 0.0390136 0.0309999 0.0114812 0.0231043 0.0349325 0.0389618 0.0349406 0.0329032 0.0392610 0.0270513 0.0349700 0.0192587 0.0349700 0.0270801 0.0192026 0.0000000 0.0350260 0.0350162 0.0321960 0.0349325 0.0349700 0.0192187 0.0192695 0.0389915 0.0349406 0.0350162 0.0350162 0.0309999 0.0349686 0.0349686 0.0038029 0.0430556 
31199      0.0232532 0.0038176 0.0232347 0.0076492 0.0270513 0.0192384 0.0038176 0.0043287 0.0114902 0.0038176 0.0272400 0.0153483 0.0193260 0.0640439 0.0076492 0.0076654 0.0312822 0.0076654 0.0115291 0.0038176 0.0231242 0.0271800 0.0076477 0.0115143 0.0076492 0.0040484 0.0116012 0.0076477 0.0076556 0.0233033 0.0076556 0.0076556 0.0232347 0.0350260 0.0000000 0.0076654 0.0039628 0.0076477 0.0115143 0.0232544 0.0233164 0.0076331 0.0076492 0.0076654 0.0076654 0.0038176 0.0076552 0.0076552 0.0310827 0.0154217 
154330     0.0232465 0.0038164 0.0232280 0.0076469 0.0270436 0.0192328 0.0038164 0.0000010 0.0114868 0.0038164 0.0272321 0.0153438 0.0193203 0.0640276 0.0076469 0.0076631 0.0312733 0.0076631 0.0115256 0.0038164 0.0231175 0.0271722 0.0076454 0.0115108 0.0038164 0.0040471 0.0115977 0.0076454 0.0076533 0.0232965 0.0076533 0.0076533 0.0232280 0.0350162 0.0076654 0.0000000 0.0039615 0.0076454 0.0115108 0.0232476 0.0233096 0.0115194 0.0076469 0.0076631 0.0076631 0.0038164 0.0076529 0.0076529 0.0310739 0.0154171 
2174554    0.0200360 0.0000010 0.0200196 0.0039529 0.0239723 0.0159100 0.0000010 0.0000010 0.0079173 0.0000010 0.0241449 0.0118994 0.0159848 0.0535458 0.0039529 0.0039615 0.0283098 0.0039615 0.0079449 0.0000010 0.0199212 0.0240900 0.0039521 0.0079344 0.0039529 0.0000010 0.0079964 0.0039521 0.0039563 0.0200806 0.0039563 0.0039563 0.0200196 0.0321960 0.0039628 0.0039615 0.0000000 0.0039521 0.0079344 0.0159848 0.0200923 0.0079405 0.0039529 0.0039615 0.0039615 0.0000010 0.0039560 0.0039560 0.0281234 0.0119580 
17506      0.0231916 0.0038077 0.0231732 0.0076293 0.0269798 0.0191878 0.0038077 0.0043159 0.0114601 0.0038077 0.0271674 0.0153091 0.0192749 0.0638669 0.0076293 0.0076454 0.0311983 0.0076454 0.0114988 0.0038077 0.0230632 0.0271077 0.0076277 0.0114841 0.0076293 0.0040372 0.0115705 0.0076277 0.0076356 0.0232414 0.0076356 0.0076356 0.0231732 0.0349325 0.0076477 0.0076454 0.0039521 0.0000000 0.0114841 0.0231927 0.0232544 0.0114926 0.0076293 0.0076454 0.0076454 0.0038077 0.0076352 0.0076352 0.0309999 0.0153810 
457187     0.0232162 0.0076436 0.0231978 0.0114864 0.0309505 0.0231119 0.0076436 0.0086680 0.0153369 0.0076436 0.0271964 0.0192080 0.0192953 0.0681272 0.0114864 0.0115108 0.0312319 0.0115108 0.0076613 0.0076436 0.0270084 0.0271366 0.0114841 0.0076515 0.0114864 0.0081063 0.0154854 0.0114841 0.0114961 0.0232661 0.0038155 0.0114961 0.0231978 0.0349700 0.0115143 0.0115108 0.0079344 0.0114841 0.0000000 0.0232173 0.0232791 0.0153806 0.0114864 0.0115108 0.0115108 0.0076436 0.0114954 0.0114954 0.0310330 0.0192999 
358        0.0076554 0.0192953 0.0076495 0.0231978 0.0350076 0.0271090 0.0192953 0.0130658 0.0271029 0.0192953 0.0115294 0.0310330 0.0038177 0.0809714 0.0231978 0.0232476 0.0154452 0.0232476 0.0271964 0.0192953 0.0310330 0.0115043 0.0231927 0.0271607 0.0231978 0.0204745 0.0273682 0.0231927 0.0232173 0.0076716 0.0232173 0.0154098 0.0076495 0.0192187 0.0232544 0.0232476 0.0159848 0.0231927 0.0232173 0.0000000 0.0076760 0.0271812 0.0231978 0.0232476 0.0232476 0.0192953 0.0232162 0.0232162 0.0153488 0.0311834 
54247      0.0076755 0.0193464 0.0076695 0.0232595 0.0351015 0.0271812 0.0193464 0.0175269 0.0271752 0.0193464 0.0115598 0.0311160 0.0038277 0.0812000 0.0232595 0.0233096 0.0154862 0.0233096 0.0272691 0.0193464 0.0311160 0.0115346 0.0232544 0.0272333 0.0232595 0.0205322 0.0274418 0.0232544 0.0232791 0.0076918 0.0232791 0.0154507 0.0076695 0.0192695 0.0233164 0.0233096 0.0200923 0.0232544 0.0232791 0.0076760 0.0000000 0.0272539 0.0232595 0.0233096 0.0233096 0.0193464 0.0232780 0.0232780 0.0153893 0.0312672 
3052392    0.0271800 0.0076492 0.0271583 0.0114950 0.0309738 0.0231292 0.0076492 0.0086753 0.0153483 0.0076492 0.0311905 0.0192223 0.0232347 0.0681813 0.0114950 0.0115194 0.0352601 0.0115194 0.0154005 0.0076492 0.0270286 0.0311218 0.0114926 0.0153806 0.0114950 0.0081127 0.0154971 0.0114926 0.0115046 0.0272387 0.0115046 0.0115046 0.0271583 0.0389915 0.0076331 0.0115194 0.0079405 0.0114926 0.0153806 0.0271812 0.0272539 0.0000000 0.0038146 0.0115194 0.0115194 0.0076492 0.0115040 0.0115040 0.0350341 0.0193143 
4073       0.0231966 0.0038084 0.0231782 0.0076308 0.0269857 0.0191919 0.0038084 0.0043169 0.0114625 0.0038084 0.0271734 0.0153123 0.0192790 0.0638839 0.0076308 0.0076469 0.0312055 0.0076469 0.0115011 0.0038084 0.0230682 0.0271138 0.0076293 0.0114864 0.0076308 0.0040381 0.0115729 0.0076293 0.0076372 0.0232465 0.0076372 0.0076372 0.0231782 0.0349406 0.0076492 0.0076469 0.0039529 0.0076293 0.0114864 0.0231978 0.0232595 0.0038146 0.0000000 0.0076469 0.0076469 0.0038084 0.0076367 0.0076367 0.0310069 0.0153843 
70761      0.0232465 0.0038164 0.0232280 0.0076469 0.0270436 0.0192328 0.0038164 0.0000010 0.0114868 0.0038164 0.0272321 0.0153438 0.0193203 0.0640276 0.0076469 0.0076631 0.0312733 0.0076631 0.0115256 0.0038164 0.0231175 0.0271722 0.0076454 0.0115108 0.0076469 0.0040471 0.0115977 0.0076454 0.0076533 0.0232965 0.0076533 0.0076533 0.0232280 0.0350162 0.0076654 0.0076631 0.0039615 0.0076454 0.0115108 0.0232476 0.0233096 0.0115194 0.0076469 0.0000000 0.0076631 0.0038164 0.0076529 0.0076529 0.0310739 0.0154171 
7150       0.0232465 0.0038164 0.0232280 0.0076469 0.0270436 0.0192328 0.0038164 0.0043272 0.0114868 0.0038164 0.0272321 0.0153438 0.0193203 0.0640276 0.0076469 0.0076631 0.0312733 0.0076631 0.0038065 0.0038164 0.0231175 0.0271722 0.0076454 0.0115108 0.0076469 0.0040471 0.0115977 0.0076454 0.0076533 0.0232965 0.0076533 0.0076533 0.0232280 0.0350162 0.0076654 0.0076631 0.0039615 0.0076454 0.0115108 0.0232476 0.0233096 0.0115194 0.0076469 0.0076631 0.0000000 0.0038164 0.0076529 0.0076529 0.0310739 0.0154171 
4916462    0.0192943 0.0000010 0.0192790 0.0038084 0.0230875 0.0153251 0.0000010 0.0000010 0.0076277 0.0000010 0.0232476 0.0114625 0.0153936 0.0597735 0.0038084 0.0038164 0.0272527 0.0038164 0.0076533 0.0000010 0.0191878 0.0231966 0.0038077 0.0076436 0.0038084 0.0000010 0.0077010 0.0038077 0.0038116 0.0193356 0.0038116 0.0038116 0.0192790 0.0309999 0.0038176 0.0038164 0.0000010 0.0038077 0.0076436 0.0192953 0.0193464 0.0076492 0.0038084 0.0038164 0.0038164 0.0000000 0.0038114 0.0038114 0.0270801 0.0115170 
1138       0.0232151 0.0038114 0.0231966 0.0076367 0.0270072 0.0192070 0.0038114 0.0043206 0.0114714 0.0038114 0.0271952 0.0153242 0.0192943 0.0639377 0.0076367 0.0076529 0.0312306 0.0076529 0.0115102 0.0038114 0.0230864 0.0271354 0.0076352 0.0114954 0.0076367 0.0040414 0.0115821 0.0076352 0.0076431 0.0232650 0.0076431 0.0076431 0.0231966 0.0349686 0.0076552 0.0076529 0.0039560 0.0076352 0.0114954 0.0232162 0.0232780 0.0115040 0.0076367 0.0076529 0.0076529 0.0038114 0.0000000 0.0076427 0.0310317 0.0153964 
5367       0.0232151 0.0038114 0.0231966 0.0076367 0.0270072 0.0192070 0.0038114 0.0043206 0.0114714 0.0038114 0.0271952 0.0153242 0.0192943 0.0639377 0.0076367 0.0076529 0.0312306 0.0076529 0.0115102 0.0038114 0.0230864 0.0271354 0.0076352 0.0114954 0.0076367 0.0040414 0.0115821 0.0076352 0.0076431 0.0232650 0.0076431 0.0076431 0.0231966 0.0349686 0.0076552 0.0076529 0.0039560 0.0076352 0.0114954 0.0232162 0.0232780 0.0115040 0.0076367 0.0076529 0.0076529 0.0038114 0.0076427 0.0000000 0.0310317 0.0153964 
2553       0.0153479 0.0270801 0.0076340 0.0310069 0.0192394 0.0114932 0.0270801 0.0262847 0.0192384 0.0270801 0.0192638 0.0153492 0.0114809 0.0807858 0.0310069 0.0310739 0.0232269 0.0310739 0.0350539 0.0270801 0.0153492 0.0192218 0.0309999 0.0350076 0.0310069 0.0287399 0.0352758 0.0231486 0.0310330 0.0153806 0.0310330 0.0231732 0.0153359 0.0038029 0.0310827 0.0310739 0.0281234 0.0309999 0.0310330 0.0153488 0.0153893 0.0350341 0.0310069 0.0310739 0.0310739 0.0270801 0.0310317 0.0310317 0.0000000 0.0390764 
40573      0.0311821 0.0115170 0.0311570 0.0153843 0.0349786 0.0270867 0.0115170 0.0086733 0.0192592 0.0115170 0.0352246 0.0231542 0.0272108 0.0724794 0.0153843 0.0154171 0.0393300 0.0154171 0.0193249 0.0115170 0.0310075 0.0351467 0.0153810 0.0192999 0.0153843 0.0122176 0.0194463 0.0153810 0.0153972 0.0312498 0.0153972 0.0153972 0.0311570 0.0430556 0.0154217 0.0154171 0.0119580 0.0153810 0.0192999 0.0311834 0.0312672 0.0193143 0.0153843 0.0154171 0.0154171 0.0115170 0.0153964 0.0153964 0.0390764 0.0000000 
